Starting data capturing
Starting data capturing
Channel 0 Data:
3722
3705
3666
3671
3689
3691
3696
3651
3799
3722
3678
3760
3778
3759
3751
3801
3728
3739
3774
3721
3695
3699
3690
3786
3675
3733
3739
3686
3698
3703
3732
3697
3641
3772
3661
3731
3637
3722
3677
3703
3676
3646
3604
3664
3597
3627
3574
3601
3559
3595
3614
3630
3629
3622
3582
3601
3573
3546
3602
3545
3536
3607
3562
3625
3509
3544
3510
3646
3556
3550
3595
3612
3499
3574
3587
3510
3462
3552
3478
3468
3464
3480
3536
3556
3444
3508
3465
3492
3468
3542
3513
3472
3393
3429
3404
3466
3413
3407
3406
3419
3356
3436
3408
3377
3403
3435
3388
3409
3449
3421
3350
3345
3381
3400
3388
3460
3390
3355
3426
3355
3390
3365
3360
3275
3274
3264
3306
3232
3319
3266
3224
3269
3206
3190
3173
3152
3198
3164
3129
3228
3139
3098
3172
3130
3160
3172
3120
3106
3076
3122
3236
3117
3074
3077
3108
3138
3179
3081
3064
3160
3103
3156
3156
3138
3099
3178
3153
3068
3166
3116
3190
3154
3162
3166
3160
3179
3166
3234
3182
3180
3252
3178
3098
3152
3214
3179
3149
3240
3275
3218
3148
3216
3195
3175
3203
3248
3201
3243
3121
3203
3156
3213
3213
3216
3224
3209
3211
3150
3152
3128
3161
3164
3212
3200
3233
3220
3263
3283
3175
3280
3255
3318
3313
3313
3252
3264
3343
3257
3345
3279
3342
3412
3255
3341
3283
3354
3286
3317
3298
3374
3390
3302
3439
3383
3350
3344
3362
3372
3310
3331
3408
3432
3425
3405
3351
3470
3492
3336
3348
3386
3409
3392
3398
3402
3328
3366
3301
3329
3368
3406
3462
3389
3366
3376
3336
3334
3358
3385
3391
3347
3400
3382
3278
3402
3440
3410
3348
3454
3410
3388
3330
3294
3358
3376
3338
3213
3358
3276
3358
3402
3330
3332
3308
3297
3381
3408
3365
3374
3286
3348
3422
3338
3397
3337
3333
3313
3243
3373
3310
3357
3334
3356
3259
3334
3260
3420
3186
3286
3295
3297
3339
3350
3354
3339
3228
3312
3264
3300
3254
3327
3276
3315
3465
3337
3398
3442
3465
3607
3611
3636
3736
3732
3843
3892
3882
3913
4028
4031
4031
4032
4031
4031
4031
4030
4032
4032
4031
4031
4032
4032
4032
4031
4031
4029
4032
4031
4031
4032
4030
4032
4032
4032
4030
4031
4031
4031
4031
4031
4031
4031
4029
4032
4031
4031
4031
4032
4031
4031
4030
4031
4031
4030
4031
4031
4032
4031
4029
4030
4024
3987
4024
4009
3940
3952
3959
3973
3957
3918
3936
3876
3862
3851
3799
3807
3812
3814
3704
3688
3665
3717
3651
3647
3658
3614
3609
3581
3554
3479
3597
3473
3436
3568
3527
3458
3493
3467
3458
3489
3574
3420
3384
3369
3417
3330
3392
3387
3382
3336
3380
3376
3351
3256
3307
3287
3286
3285
3219
3202
3344
3307
3293
3255
3242
3193
3147
3283
3244
3113
3211
3243
3234
3107
3152
3136
3104
3145
3067
3155
3014
3014
3094
3072
2961
2952
2941
3008
3000
2960
2966
2955
2904
2908
2897
2902
3001
2941
2912
2925
2955
2837
2915
2808
2790
2876
2863
2884
2796
2833
2747
2810
2804
2788
2810
2742
2753
2844
2776
2705
2727
2824
2779
2790
2764
2744
2695
2722
2683
2711
2672
2720
2762
2666
2631
2712
2688
2656
2666
2726
2709
2630
2683
2668
2595
2617
2644
2683
2528
2649
2663
2635
2602
2570
2565
2592
2580
2545
2560
2530
2563
2651
2540
2593
2544
2506
2498
2560
2551
2486
2555
2548
2506
2456
2576
2514
2535
2487
2589
2477
2425
2444
2431
2443
2539
2469
2443
2466
2439
2399
2484
2412
2466
2407
2386
2394
2388
2391
2393
2417
2384
2376
2404
2387
2387
2373
2459
2419
2325
2441
2371
2341
2398
2406
2382
2384
2344
2400
2383
2297
2387
2331
2387
2365
2382
2459
2438
2431
2424
2506
2386
2406
2440
2448
2372
2420
2355
2436
2364
2376
2369
2348
2403
2291
2310
2253
2289
2197
2153
2171
2179
2160
2100
2121
2119
2088
2042
2045
2060
2015
2002
1981
1942
1963
1972
1887
1880
1831
1777
1802
1764
1759
1724
1731
1734
1680
1729
1644
1661
1742
1607
1626
1580
1617
1661
1570
1629
1591
1576
1550
1647
1595
1579
1504
1619
1512
1539
1491
1568
1468
1526
1463
1430
1421
1487
1440
1441
1417
1442
1466
1393
1335
1428
1368
1364
1339
1353
1398
1393
1350
1359
1366
1352
1294
1319
1397
1371
1345
1271
1264
1255
1252
1262
1242
1250
1245
1240
1225
1195
1258
1166
1189
1218
1196
1206
1170
1185
1129
1148
1104
1155
1102
1079
1053
1054
1086
1131
1075
1048
1024
1068
1024
1085
1058
1045
1009
1041
1028
1009
970
1002
1036
982
948
1030
1046
1008
962
947
959
976
924
925
1003
1004
931
924
951
955
976
968
924
948
940
930
962
913
911
915
903
939
901
938
914
881
927
953
855
906
895
883
953
916
904
932
876
894
852
919
907
951
957
924
866
855
892
882
908
815
916
833
860
848
827
945
823
855
921
881
841
841
805
869
848
843
848
833
883
792
831
865
887
818
830
892
875
907
796
897
831
828
871
828
807
873
831
857
835
895
816
911
834
848
921
887
964
916
904
902
900
1000
986
1010
997
1084
1065
1180
1227
1347
1430
1526
1750
1788
1923
2034
2102
2292
2368
2517
2578
2613
2843
2846
2816
2830
2984
3009
3070
3070
3164
3304
3218
3355
3367
3360
3304
3296
3302
3254
3310
3250
3257
3331
3257
3373
3329
3329
3306
3287
3267
3335
3304
3307
3337
3282
3244
3321
3327
3300
3248
3350
3374
3366
3397
3409
3367
3385
3333
3468
3474
3400
3548
3572
3474
3519
3524
3589
3555
3614
3581
3628
3586
3586
3611
3616
3718
3659
3655
3675
3700
3720
3634
3670
3596
3636
3726
3699
3678
3625
3712
3674
3574
3681
3709
3710
3667
3705
3676
3806
3731
3655
3750
3744
3699
3821
3763
3836
3715
3790
3783
3723
3804
3786
3786
3758
3760
3803
3817
3816
3789
3813
3691
3809
3835
3819
3825
3853
3799
3874
3872
3864
3779
3817
3863
3797
3918
3857
3905
3870
3810
3811
3852
3891
3820
3906
3846
3768
3762
3779
3839
3734
3852
3792
3782
3810
3658
3769
3760
3774
3707
3788
3777
3765
3707
3871
3768
3824
3720
3815
3792
3917
3811
3852
3723
3768
3808
3793
3788
3830
3738
3695
3728
3779
3694
3751
3885
3825
3691
3759
3720
3735
3729
3758
3861
3782
3817
3734
3783
3754
3769
3780
3750
3708
3796
3762
3723
3792
3662
3748
3755
3720
3754
3760
3702
3638
3693
3720
3648
3669
3752
3637
3586
3674
3710
3737
3579
3621
3670
3579
3600
3618
3533
3477
3457
3506
3558
3520
3557
3480
3474
3549
3577
3474
3609
3632
3536
3503
3683
3531
3655
3592
3646
3587
3572
3627
3584
3553
3575
3531
3518
3667
3558
3660
3606
3547
3612
3664
3590
3593
3694
3543
3545
3616
3636
3722
3666
3571
3731
3744
3712
3638
3703
3693
3726
3769
3771
3685
3686
3689
3649
3708
3712
3720
3650
3655
3673
3670
3687
3595
3614
3691
3730
3642
3686
3655
3630
3637
3593
3668
3694
3629
3658
3579
3549
3696
3712
3639
3596
3644
3742
3650
3578
3614
3728
3664
3647
3622
3662
3729
3715
3781
3755
3632
3658
3766
3683
3694
3659
3721
3627
3674
3668
3719
3730
3627
3655
3669
3691
3715
3607
3630
3583
3666
3597
3707
3697
3543
3624
3597
3650
3606
3573
3648
3595
3579
3517
3706
3600
3578
3632
3619
3643
3626
3527
3668
3476
3597
3542
3662
3529
3571
3621
3642
3596
3576
3638
3614
3658
3606
3588
3575
3524
3586
3653
3585
3654
3635
3597
3617
3522
3553
3578
3613
3668
3552
3525
3504
3558
3543
3648
3678
3593
3567
3550
3542
3731
3570
3514
3652
3619
3683
3576
3578
3658
3610
3632
3598
3602
3589
3675
3624
3586
3543
3556
3607
3543
3577
3635
3539
3555
3558
3549
3514
3601
3557
3560
3536
3520
3532
3619
3511
3562
3514
3536
3538
3472
3531
3570
3575
3511
3621
3529
3532
3578
3531
3530
3516
3475
3565
3564
3494
3505
3524
3623
3518
3593
3505
3568
3592
3558
3536
3602
3550
3522
3514
3598
3650
3531
3619
3644
3645
3643
3666
3626
3606
3668
3670
3648
3641
3612
3634
3624
3640
3666
3652
3704
3565
3608
3638
3626
3626
3624
3546
3487
3617
3523
3561
3666
3630
3645
3672
3712
3741
3858
3802
3854
4009
3950
4026
4028
4027
4031
4032
4030
4030
4031
4032
4031
4031
4031
4031
4032
4031
4032
4032
4031
4031
4034
4032
4032
4032
4032
4032
4031
4031
4031
4031
4032
4034
4032
4031
4032
4032
4030
4031
4032
4031
4032
4031
4031
4032
4031
4031
4031
4032
4031
4031
4032
4032
4030
4032
4031
4031
4032
4031
4032
4031
4032
4032
4031
4031
4031
4031
4031
4031
4031
4031
4031
4032
4032
4031
4031
4031
4031
4031
4031
4031
4031
4034
4031
4032
4031
4032
4031
4031
4031
4032
4031
4032
4035
4031
4031
4031
4031
4031
4032
4032
4031
4031
4031
4031
4030
4031
4034
4031
4031
4031
4030
4031
4030
4031
4031
4031
4031
4030
4031
4030
4031
4030
4031
4020
4032
4030
4030
4026
4029
4027
4014
3984
3988
3984
4026
3978
4006
4013
3946
4016
4017
3940
3905
3994
3902
3976
3997
3922
4006
3933
4009
3991
3907
3981
3964
3910
3923
3897
3954
3941
3974
3976
4003
3924
3979
3916
3923
3921
3956
3881
3979
4003
3899
3972
3996
4011
4027
4029
3971
3984
3998
3979
4018
3952
3968
4016
4017
4020
3972
3961
3938
3955
3915
3899
3903
3878
3929
3852
3913
3845
3821
3859
3879
3896
3913
3816
3849
3843
3861
3887
3834
3818
3900
3779
3864
3764
3792
3775
3821
3783
3849
3794
3737
3696
3728
3756
3712
3661
3738
3653
3688
3674
3641
3561
3617
3631
3611
3702
3673
3699
3568
3606
3668
3592
3534
3504
3578
3590
3569
3544
3670
3565
3518
3598
3600
3641
3563
3572
3686
3514
3544
3582
3602
3568
3493
3542
3519
3486
3502
3476
3538
3437
3552
3485
3478
3430
3517
3384
3415
3422
3456
3435
3446
3350
3448
3360
3352
3369
3375
3434
3419
3309
3416
3450
3252
3350
3298
3250
3373
3259
3251
3226
3258
3238
3291
3172
3204
3190
3283
3268
3227
3235
3176
3205
3267
3185
3277
3152
3189
3206
3197
3139
3122
3209
3202
3168
3091
3239
3143
3092
3119
3082
3036
3047
3119
3051
3072
3038
3062
3090
3027
2980
3093
3044
2907
2942
2985
2976
2879
3006
2960
2964
2943
2865
2933
2939
2875
2812
2882
2827
2878
2885
2916
2806
2873
2782
2814
2852
2783
2753
2763
2823
2815
2860
2788
2799
2883
2853
2756
2746
2763
2752
2810
2795
2727
2695
2748
2773
2729
2678
2676
2736
2768
2687
2621
2771
2734
2621
2619
2660
2752
2725
2640
2690
2678
2646
2684
2583
2565
2629
2539
2592
2509
2612
2623
2626
2479
2438
2568
2541
2549
2554
2470
2496
2540
2488
2485
2585
2567
2581
2477
2498
2505
2515
2432
2349
2380
2403
2522
2382
2251
2367
2371
2310
2275
2258
2284
2362
2320
2319
2321
2368
2203
2272
2254
2196
2224
2371
2216
2224
2158
2267
2194
2167
2134
2118
2166
2057
2064
2089
2068
2052
2170
2066
2005
2084
2083
1986
2071
2011
2017
1848
1956
1892
1943
1797
1916
1860
1821
1767
1787
1844
1820
1741
1770
1736
1711
1722
1702
1800
1652
1690
1675
1653
1660
1642
1634
1579
1593
1539
1517
1510
1565
1478
1534
1456
1437
1418
1413
1395
1373
1287
1436
1321
1294
1347
1341
1294
1253
1238
1291
1283
1217
1231
1244
1203
1184
1188
1200
1128
1107
1129
1181
1061
1021
1021
1092
1036
1008
1019
974
978
958
975
986
886
934
868
997
816
923
857
882
796
802
801
794
857
792
788
793
776
763
753
776
751
713
718
627
703
726
677
611
645
624
602
585
667
624
591
557
614
547
538
516
561
546
543
530
573
535
560
489
463
516
447
442
471
447
407
439
463
385
440
352
368
407
452
349
444
351
347
404
271
324
363
362
337
263
297
338
219
263
339
268
219
183
292
244
269
247
251
281
233
187
277
200
248
157
192
253
194
248
175
163
202
192
162
248
104
123
169
169
163
178
188
161
145
143
84
122
171
215
164
155
118
145
84
92
125
122
122
121
141
103
77
69
94
85
83
95
98
74
219
221
146
160
185
180
263
219
307
222
224
324
303
338
422
444
496
589
702
665
728
744
866
914
955
998
926
943
967
912
882
925
987
957
954
935
914
891
876
856
886
924
995
1025
953
1028
1029
1056
1049
1057
1093
1161
1121
1124
1126
1103
1109
1196
1190
1262
1317
1264
1305
1319
1294
1383
1356
1349
1380
1400
1464
1538
1495
1533
1653
1675
1656
1681
1771
1755
1851
1870
1912
1937
2034
2006
1988
2081
2144
2148
2174
2156
2163
2181
2169
2190
2192
2172
2224
2248
2270
2235
2240
2267
2331
2309
2313
2266
2285
2256
2346
2324
2308
2380
2326
2402
2312
2329
2339
2417
2347
2355
2363
2339
2334
2327
2332
2381
2304
2423
2390
2406
2385
2346
2382
2426
2377
2330
2347
2380
2401
2372
2369
2360
2426
2405
2417
2377
2409
2379
2386
2387
2434
2420
2426
2391
2395
2436
2465
2378
2426
2406
2424
2420
2445
2431
2502
2391
2440
2427
2459
2458
2567
2522
2577
2608
2569
2619
2682
2682
2764
2787
2847
2865
2885
2916
2914
2960
2961
3003
2985
3067
3054
3042
3064
3048
3115
3037
3048
3068
3116
3099
3161
3137
3144
3229
3213
3100
3202
3197
3147
3168
3122
3193
3150
3224
3210
3148
3265
3179
3210
3176
3200
3174
3243
3188
3264
3204
3198
3270
3284
3273
3314
3261
3222
3205
3235
3267
3291
3237
3273
3258
3347
3267
3310
3248
3229
3307
3254
3261
3310
3259
3360
3255
3391
3299
3272
3325
3320
3291
3362
3409
3408
3452
3493
3396
3444
3378
3435
3361
3485
3449
3468
3581
3487
3449
3419
3448
3403
3317
3400
3428
3410
3320
3336
3364
3402
3388
3357
3408
3387
3399
3394
3350
3413
3366
3429
3373
3488
3386
3415
3436
3422
3397
3407
3426
3419
3412
3357
3478
3453
3445
3410
3463
3500
3508
3460
3516
3515
3522
3511
3472
3465
3501
3572
3480
3577
3532
3590
3461
3576
3540
3622
3645
3604
3553
3522
3551
3512
3488
3574
3536
3527
3526
3586
3573
3536
3555
3614
3619
3430
3536
3611
3556
3443
3554
3643
3621
3513
3548
3571
3623
3544
3561
3531
3520
3522
3494
3606
3474
3571
3590
3538
3555
3544
3563
3590
3536
3522
3574
3635
3537
3641
3520
3640
3654
3677
3606
3475
3678
3649
3656
3600
3588
3532
3607
3632
3606
3561
3568
3646
3497
3574
3632
3483
3630
3581
3625
3489
3475
3472
3594
3557
3511
3539
3522
3530
3473
3621
3518
3443
3477
3456
3496
3457
3452
3399
3373
3412
3508
3413
3507
3382
3411
3372
3403
3410
3449
3395
3492
3474
3424
3354
3420
3480
3409
3433
3387
3478
3399
3425
3412
3522
3399
3451
3384
3439
3374
3455
3494
3432
3433
3510
3512
3465
3415
3510
3453
3431
3410
3434
3447
3368
3409
3445
3512
3432
3397
3311
3492
3329
3415
3480
3482
3360
3431
3410
3457
3446
3463
3447
3500
3468
3488
3452
3466
3452
3476
3416
3444
3433
3453
3477
3408
3608
3424
3458
3380
3487
3544
3483
3433
3436
3477
3438
3451
3509
3447
3456
3457
3456
3382
3445
3464
3443
3393
3412
3440
3440
3444
3432
3442
3510
3408
3409
3445
3424
3354
3354
3420
3395
3477
3416
3378
3372
3370
3287
3350
3397
3408
3398
3441
3398
3338
3344
3356
3453
3435
3362
3385
3458
3409
3367
3378
3413
3327
3420
3393
3486
3434
3404
3471
3447
3390
3403
3476
3368
3443
3466
3464
3419
3382
3453
3376
3374
3340
3418
3341
3325
3390
3436
3393
3449
3466
3450
3423
3477
3469
3376
3388
3470
3407
3368
3508
3396
3478
3406
3424
3430
3466
3425
3511
3440
3418
3419
3424
3425
3444
3449
3469
3424
3452
3467
3476
3448
3392
3483
3509
3401
3438
3430
3511
3415
3401
3387
3384
3374
3436
3385
3441
3395
3397
3392
3425
3374
3386
3362
3420
3349
3316
3320
3376
3349
3378
3400
3368
3306
3299
3368
3387
3429
3536
3545
3561
3596
3654
3639
3619
3685
3784
3787
3805
3821
3780
3848
3872
3837
3794
3896
3859
3832
3939
3900
3964
3900
3905
3917
3858
3879
3949
3991
3928
3953
3957
3932
3930
3938
3948
3994
4002
3944
3950
3940
3921
3915
3900
3916
3889
3878
3959
3870
3918
3796
3791
3856
3826
3815
3811
3741
3774
3779
3848
3720
3755
3726
3732
3734
3728
3725
3740
3739
3784
3753
3774
3655
3739
3613
3623
3652
3624
3687
3652
3666
3684
3578
3622
3583
3606
3665
3624
3666
3624
3579
3620
3596
3600
3602
3576
3542
3541
3524
3462
3490
3463
3488
3485
3384
3379
3385
3456
3370
3368
3261
3344
3296
3327
3213
3196
3213
3203
3122
3210
3114
3182
3081
3163
3071
3019
2995
2989
2962
2964
2916
2947
2808
2880
2748
2865
2733
2769
2704
2631
2704
2614
2614
2546
2560
2533
2512
2455
2416
2437
2375
2306
2264
2284
2271
2238
2229
2219
2200
2168
2132
2159
2119
2075
2013
1997
1970
1981
1982
1905
1861
1810
1804
1783
1797
1759
1742
1660
1664
1629
1669
1595
1580
1600
1528
1536
1536
1568
1518
1506
1417
1418
1436
1503
1368
1372
1408
1320
1282
1316
1323
1310
1233
1294
1232
1235
1240
1239
1167
1276
1239
1201
1208
1259
1195
1190
1175
1122
1120
1168
Channel 1 Data:
1435
1222
1548
1371
1277
1208
1298
1246
1438
997
1027
1370
1374
1423
1240
1665
1226
1664
1311
1432
1173
1390
1083
1444
860
1465
1429
1316
1134
1365
1191
1128
1141
1575
1187
1543
1201
1371
1057
1344
1279
1454
1196
1610
1236
1587
1509
1402
1195
1311
1198
1400
1424
1704
1229
1717
1409
1272
1276
1256
1310
1688
1293
2084
1058
1743
1010
1737
1276
1447
1387
1630
1538
1761
1533
1449
1011
2004
1339
1314
1067
1275
1145
1899
955
1469
1092
1190
1065
1923
1268
1624
1037
1701
1118
1236
1031
1002
1198
1393
1251
1718
1110
1403
1390
1873
1189
1118
1262
2024
808
1052
802
1982
1300
1901
1015
1754
1435
1944
1462
1699
1403
1486
912
1225
1186
1146
1280
1175
1173
1502
1195
2312
1159
759
1099
1552
1221
1812
950
947
1211
1300
1024
1946
1165
1294
862
1483
1693
1282
932
1110
1036
1831
1447
1333
881
1664
1013
1736
1237
1394
1110
1336
1546
423
1560
931
1424
1386
1491
1724
1630
1683
1552
1748
810
1474
1907
1122
758
1141
1942
1091
1212
1439
1941
1724
1180
1628
1683
1278
1387
1738
980
1013
804
1879
1132
2178
1311
1706
1584
1523
1125
1522
1062
1415
1033
1471
1084
1762
1572
1285
1130
1972
503
921
1561
1623
2092
1697
1054
1391
1878
580
1684
1118
1388
2545
809
1507
1046
1961
1014
1133
984
1399
1371
1018
1711
1193
1277
1314
1503
1362
764
791
1578
1590
1172
1345
1145
1651
2080
1024
980
1528
737
2036
2050
1694
1168
2077
534
941
1481
1268
1838
1229
788
914
782
902
1002
1435
1493
997
1209
1604
0
1480
1544
1667
836
2175
919
1191
1472
1053
1381
1392
1071
0
1234
390
1303
2446
911
1388
901
1152
1285
1242
1780
1948
468
1687
2042
1362
2676
1269
1391
1197
376
1679
500
1799
694
1207
609
1610
643
2043
0
897
938
1237
1546
1219
1377
1962
1060
1354
1194
1672
1567
1561
1387
1013
2133
1261
1338
875
1357
1678
1231
1697
619
859
1091
1132
1282
254
910
2004
1174
2204
759
1796
1176
1028
942
1917
1756
2127
1365
1259
1347
1173
1840
1521
953
1423
1728
1191
0
1429
1639
1539
1209
1715
1400
2327
1024
1067
2110
1923
1633
1619
1848
837
1204
2480
952
1426
2141
2495
1777
1067
703
1476
1436
1249
1042
1733
1061
1841
2413
2082
748
1709
2427
2249
1900
1972
1715
1634
2372
1546
1430
987
1476
2315
1805
1392
1230
1680
1222
1677
2374
1770
2050
1246
2715
1556
1552
1596
635
2103
2289
1791
2251
1376
1642
2374
2911
1612
1709
1697
2214
999
1291
1294
1994
1431
2520
1655
1832
1222
2018
1704
1844
1461
866
1033
2250
2200
1841
1076
2206
1616
1616
2580
2671
1385
2000
2935
2727
1526
2074
2089
1616
1589
1878
2797
1102
1235
1813
2951
1433
914
1463
2221
2293
1412
1514
1839
1280
1052
1732
1741
2336
2185
2209
2023
1825
949
2508
1952
849
1527
2044
2432
1657
2248
1421
2155
1681
1773
1916
1563
1622
2780
2221
1259
1706
2222
2143
1659
2177
2263
1958
1889
2010
1747
1890
1910
2116
1782
1377
2049
2368
1488
1940
1821
3184
1711
2432
1715
1752
2211
2068
1997
669
2443
2042
2388
1671
1585
1877
2254
1812
2195
1713
1720
2107
2564
1893
2281
2442
2176
1467
2267
2540
1942
2367
2382
1977
1589
2437
2015
2457
1724
3023
2194
1646
1960
2185
2216
2715
1064
1797
1786
1902
2027
2521
2365
1796
2373
2083
2013
1829
1947
2469
2120
1580
1645
2168
1844
2088
1791
2410
2271
1224
1772
1736
2312
2097
1876
2120
1682
1787
1931
2728
1849
2209
1863
2398
1940
2032
2398
2011
1949
2372
2078
1926
2083
2607
2059
1939
2157
2354
2125
3044
1733
1829
1949
2508
2124
2770
2029
1973
2071
1764
2508
2016
2057
1985
2014
2545
2176
2301
2134
2622
1862
2245
2192
2272
2090
2344
2116
2320
2151
2032
2254
2460
2084
2359
2418
2547
2018
2096
2026
2087
2375
2510
2000
2001
2476
2349
2032
2740
1952
2349
2068
2338
2147
2136
2101
2830
2176
2225
2244
2350
2174
2235
2389
1968
2237
2472
2130
2120
2278
2690
2620
2256
2053
1991
2112
2260
2366
2806
2337
1981
2599
2400
2168
2780
2002
2375
2402
2270
2547
2572
2418
2257
2102
2288
2270
2523
2238
2401
2054
2247
2245
2132
2280
2635
2214
2578
2281
2413
1967
2272
2038
2620
2149
2330
2275
2163
2322
2195
2280
2692
2026
2649
2366
2338
2248
2513
2224
2268
2150
2579
2283
2401
2345
2339
2033
2092
2463
2377
2139
2389
2375
2604
2117
2644
2343
2805
2292
2317
2362
2300
2286
2561
2211
2141
2218
2756
2050
2659
2280
2958
1921
2381
2305
2677
2256
2232
2131
2418
2017
2967
2197
2471
2373
2438
2233
2600
2132
2897
2191
2886
2311
2363
2269
2931
2286
1888
2229
2720
2287
2313
2133
2144
2249
2168
1926
2753
2273
2527
2357
2857
2401
2482
2192
2964
2170
2936
2609
2454
2446
2010
2203
2722
2264
2120
2150
2445
2278
2863
2160
2080
2120
2538
2406
2202
2170
2864
2138
3160
1749
2835
1969
2871
2336
2203
2315
2593
2491
2705
2180
2170
1738
2896
1915
2577
2048
2111
2096
3350
2136
2087
2173
1947
2368
2214
2150
2335
2076
2394
2029
1929
2724
2034
2928
2772
1819
1432
2256
2395
1832
1699
2135
2348
2212
2194
2165
2529
1798
1948
1880
1878
2272
2315
1512
2296
1698
2056
1717
2859
1759
2419
2058
2522
1794
2096
2174
2168
1340
1858
1752
2084
1137
2060
1395
2242
2260
2313
1468
2052
1152
2626
2287
1499
2246
2489
1558
2171
1756
2394
2205
2135
1859
1992
1692
1488
1939
1762
1626
1655
1567
2512
2358
1693
2009
1908
1303
1766
1823
2399
1048
1428
2067
1710
645
2336
1275
2135
1475
2122
1158
1577
1744
873
1933
1654
1823
2543
1842
1987
1583
2596
1698
2108
2118
2005
2108
1663
2081
1192
2464
1985
1839
1406
56
1805
1512
1521
1614
1782
1092
1917
1820
1085
742
1313
1931
176
2293
1770
2029
1916
1221
1218
1570
2435
1785
2037
1190
1192
1189
1659
1531
1283
1692
1765
1782
1769
140
1007
1559
1765
1243
1850
1840
1458
697
2606
1377
1454
1267
797
1920
2456
1106
2274
857
1259
877
2015
1531
1912
1238
743
148
1339
525
1795
2861
2005
922
1320
1063
926
1162
1402
2381
2103
1747
1580
1934
1136
1642
1919
1281
1198
1413
1776
1329
1855
717
1219
1543
1749
791
1717
444
715
1639
1868
666
1657
2510
1613
1088
1345
2078
2111
1521
1221
1728
426
1809
1587
1275
739
669
942
1855
83
914
905
1010
1630
1525
770
1755
1854
1016
1266
2251
1126
1518
1714
1351
1331
1316
1383
1463
761
988
412
718
958
683
1523
1018
8
1433
1184
1120
1287
1572
356
774
1370
1691
1663
2367
395
2414
1826
632
1232
1709
863
1210
1843
2136
1894
1758
1684
868
1682
1725
2004
713
722
1805
1444
1588
218
854
1448
1554
1097
1040
738
919
923
1142
1318
1429
1410
1335
732
682
1992
2191
1339
1351
1019
1728
1095
627
1218
1765
1364
1283
626
1028
1746
1050
2145
2036
692
970
2146
1403
1204
1338
2300
554
1661
1275
1584
1814
1368
651
1529
719
1682
1349
1130
418
872
1366
1494
1742
152
1182
1409
1713
930
894
1994
1666
1225
695
1886
1547
1145
1520
1391
1306
1111
844
1043
212
896
1243
2013
474
1541
1531
1674
859
1035
1604
763
1160
1614
1170
1237
809
1728
1551
1066
2003
1598
1252
869
877
1274
1275
993
1731
463
1122
925
1442
623
1381
1642
1387
541
538
665
1863
1002
455
1059
1556
2025
757
788
1491
1463
1658
710
1083
454
1512
1019
1274
914
1369
976
872
1364
1896
1269
1261
1114
1388
1693
1444
1603
1638
921
982
1203
1843
1413
1881
1187
809
1184
525
1016
1631
1003
1079
1455
1370
1299
1542
1282
977
1371
954
1275
1133
1392
887
776
1497
1293
1282
1251
1795
1480
1015
813
1797
880
1461
775
1481
1393
1164
1370
1749
1114
1484
1669
1159
909
1576
1352
1188
1306
1539
1053
1422
1175
1004
1262
1562
1141
1565
1401
867
894
1756
1084
243
1105
941
1000
1708
1210
848
931
1598
1174
1264
1173
938
1333
1427
1133
1362
1273
1450
1471
1251
1123
1301
1317
1653
1068
1458
1297
1535
1072
1807
1288
1569
1311
1133
1239
1089
1208
1107
1371
1369
1330
1520
1569
1334
1528
1708
1307
1707
1404
1811
1127
1296
1259
1423
1414
1612
1886
1498
1133
1137
1507
1483
1640
2226
1380
1286
1196
1876
1669
1744
1541
1822
1864
1851
1319
1808
1571
1751
1693
1580
1486
1980
1658
1914
1623
2234
1641
1753
1730
1940
1672
1823
1791
1655
1768
1741
1955
1901
1638
1607
1681
1875
1982
1826
1745
1892
1579
1829
1754
2093
1781
1595
2114
1840
1819
1992
2033
1724
1701
2257
1623
2083
1743
2183
1740
1899
1745
2593
1438
1792
1752
2426
1949
2338
1689
2392
1891
2618
1850
2364
1997
1937
2152
1969
2216
2516
1893
2586
1913
2174
1719
1967
1835
2175
1647
1863
1949
1625
1787
2625
1883
2307
1909
2739
1979
2134
2087
2345
1859
1729
1946
1920
1958
2090
1990
2666
1768
2214
2054
2491
1906
2744
1733
2664
1957
1853
1768
2547
1915
2195
1978
1814
1873
2253
2084
2459
1833
1955
2452
2611
2083
2124
2003
2282
2088
2568
2039
2702
2148
2070
1838
2505
2000
1907
2092
2395
2160
2540
1992
2195
2016
2320
2523
2720
1862
2928
2093
2631
2392
2498
1916
1904
1991
2835
2654
2510
1723
2006
1884
2323
2101
2147
1674
2419
3016
2325
1479
2263
2291
2135
2217
2845
2316
2458
1938
3090
2080
2144
2051
2147
2486
2174
1808
3040
2694
2135
2416
1980
2651
2846
1991
3046
1706
2232
2200
2382
2362
2241
2487
2583
1693
2214
2086
3081
1917
2651
2170
2154
2264
2647
1904
2604
2560
2965
2592
2795
2159
3157
2082
2042
2412
2511
2568
2628
2124
2880
3594
1977
2849
2050
1407
2616
1955
2577
2012
2456
2238
2804
2062
1763
2171
2639
2710
1516
2510
1966
2490
2585
1805
3333
2044
2734
1984
3295
2431
2206
3171
3534
2630
1932
3612
2426
1920
2434
2678
2459
2483
2330
2456
2980
2572
2220
2987
3533
1998
3008
2107
1746
2340
2496
2363
1803
2647
2278
2473
2733
1760
3203
1742
2555
1091
2563
2049
1840
3478
2699
2108
1986
2270
2392
2958
2320
2003
1958
3161
2514
3343
2151
2421
3406
2603
1474
1900
2102
1817
2917
2917
2403
1680
2561
2964
2060
2036
2110
2971
3221
2057
2019
2582
2758
2196
1825
2704
3611
2948
2673
2387
2706
2756
2505
2426
2145
2908
2392
2697
874
2566
2462
2955
2290
860
1863
2443
2404
3186
1889
2682
2274
2402
1907
3212
2943
3017
2297
2448
2595
2765
2058
1156
1942
1788
3559
2212
875
2619
2923
2410
1370
2025
1894
2759
2336
2526
2708
3992
1951
3022
2513
1426
2325
4019
2293
2928
1963
3312
2773
1719
2459
2521
2546
2351
1713
2723
1492
2709
3492
2490
2003
2556
2782
1688
2756
1877
2627
1441
3533
2716
2644
1900
2786
2274
2379
1365
2053
2088
2832
1784
3046
2143
2130
2492
2227
3389
2320
2217
2293
1898
2666
2989
3142
2393
2901
2059
2324
2856
2944
2067
3113
1621
2225
1712
2142
3116
2464
1349
2726
1925
1583
2647
2589
2062
1321
2459
2678
2233
2768
2215
3048
2788
2275
2132
2678
2381
2924
1894
2970
2366
2286
2787
2665
2404
2180
2871
1986
1781
2504
3161
3001
1236
2192
2386
3645
1846
2717
1922
2322
1270
2367
2178
2361
2418
2504
2399
2169
2267
2854
2526
1787
2186
2449
2248
1713
3120
2546
2653
2389
2705
2045
2640
2350
2470
2003
2375
1824
2733
2294
1942
1877
2725
2390
2423
2201
2864
1662
3216
2136
2013
1727
2167
1817
2632
1696
2040
2070
2869
2482
2159
1796
2204
2212
2853
2056
2883
2106
2567
2515
2165
2152
3228
2149
3257
1908
2248
2173
1800
2292
2569
2459
1567
1544
2700
2437
3005
2078
2472
2110
2138
2226
2594
2365
2192
2519
2215
2001
2493
2490
2201
2330
2315
2470
2304
2679
1894
2212
2613
2774
2759
2725
2661
2266
2050
2872
2515
1982
2505
2761
2396
2274
2482
2472
1888
2369
2545
2225
2588
2117
2788
2225
1781
2132
2254
2243
2122
1839
2236
1794
2917
2656
2344
2219
1910
2307
2516
2552
2693
2087
2293
2236
2304
2048
2550
2101
2116
2080
2976
2356
2655
2193
2672
2656
2237
2059
2284
2199
2362
2255
2120
2458
1894
2163
2750
1979
2492
2194
2183
2001
2343
2196
2281
1920
1860
1978
2146
2051
1689
1696
1838
2111
2008
2001
2219
1833
2439
2247
1949
2086
2192
1945
2266
1920
2079
1727
2411
1905
2142
1976
1891
2195
1799
1751
2191
1991
2278
1602
1999
1777
2336
1813
1857
1750
1560
1433
1590
1802
2076
2025
1947
1505
1795
1888
1984
1727
2000
1689
2036
1543
1904
1702
2126
1421
1943
1706
1837
1969
1910
1554
1714
1535
1571
1688
1839
1616
1985
1497
2395
1859
1816
1534
2084
1441
1806
1883
1566
1268
1356
1562
2261
1598
2013
1548
1838
1821
1824
1772
2304
1591
1422
1676
1860
1540
2140
1536
2203
1667
1789
1367
1722
1613
1735
1549
1854
1504
1271
1575
1580
1429
1824
1450
2144
1422
1655
1686
2319
1287
1760
1574
1615
1620
2694
1529
2116
1402
1992
1378
2122
1449
1736
1454
2011
1797
1263
1557
1616
1364
1940
1680
1658
1663
1456
1440
2050
1533
1736
1083
1333
1420
1421
1302
2011
1286
1528
1846
1398
1187
1467
1376
1602
1424
1243
1364
1477
1758
2005
997
1731
1532
1538
1318
2136
1587
2023
1519
2000
1287
1792
1651
1766
1606
1813
1638
1656
1356
1625
1390
1578
629
1379
1059
1719
729
1743
1632
1244
1418
1501
1171
1760
876
2208
666
1212
1025
770
1092
1242
1085
1346
1524
1210
1001
1699
1293
1860
1171
1939
460
1516
1402
1731
1734
1891
1641
1653
1555
1243
918
1463
1221
1562
927
1144
1539
1649
1646
1049
1595
1522
1231
1557
1072
1797
1237
1757
1071
1975
1638
1898
1913
1345
1882
1280
1219
1729
1894
942
1539
1268
1347
902
1631
1386
1353
1620
1671
1404
1312
2210
1036
771
1568
2104
925
1581
1179
1762
578
1805
1146
1416
2292
2566
1052
1058
1615
1187
1315
1110
1541
1224
1127
1299
1593
1340
1397
1620
1935
3
758
1907
1462
402
1682
1556
1260
935
1136
1409
1586
1073
765
1264
1050
1244
584
1635
478
1463
2227
1335
1066
1322
1453
1294
1406
957
1355
2254
625
2200
992
1652
1714
1699
963
340
1890
1307
1268
707
1446
845
1382
1151
808
1091
1165
1805
118
1907
1511
956
2411
1318
2038
1203
1656
1040
1150
1583
1679
1348
1323
1541
837
2263
1137
546
1251
1192
919
1553
1789
861
297
1660
1491
1272
2086
763
1905
1199
1059
1367
1797
1420
1736
1419
1696
1122
1436
2537
1509
992
1159
1706
688
608
1376
2269
1572
1230
892
1182
878
1005
1209
1771
1964
2573
2031
1241
401
1872
2018
1322
936
1104
1436
774
1003
699
1574
1360
1417
220
1676
779
1357
1980
1242
256
1320
1135
1365
1336
972
1350
2052
1301
1344
923
1632
1465
1477
1100
1554
1190
1360
1207
340
2526
1148
954
1343
2006
1890
1428
1307
762
1525
1179
1459
1660
1209
1298
1435
1673
177
1659
1429
1285
725
603
1245
1458
1419
1104
404
1383
1416
1328
874
1278
642
766
1738
827
1334
2024
1113
1188
1144
304
908
1076
1007
1417
2113
1677
1202
1477
1527
1132
1198
864
1561
1393
821
991
1256
1209
673
1342
1507
1943
1623
1005
1553
1173
879
827
1720
1033
1635
1009
1529
1171
990
1434
922
939
851
1094
935
825
1508
1611
1403
1280
1255
1255
1764
1583
1976
1131
892
1259
1388
883
1804
865
1480
1019
1061
1032
1440
1267
1366
1467
1146
1128
1270
1505
1457
950
1394
899
1320
1515
1821
1325
1403
1374
1601
1329
1330
1144
1801
1400
1311
1170
1419
1046
1217
1206
998
1126
1346
1248
1468
1520
1245
1011
1422
1219
951
1275
1466
1232
1127
1231
947
1133
965
1182
1712
1235
1620
1572
1158
1129
1537
1248
1265
1327
1770
1367
1140
1181
1486
1010
1703
1310
1323
1360
1325
1438
1502
1531
1552
1098
1622
1263
1286
1318
1640
1379
1636
1496
1903
1371
1416
1322
1306
1457
1574
1509
1491
1461
1504
1402
1405
1560
1921
1355
1719
1559
2024
1318
1585
1503
1759
1534
1727
1477
1636
1738
1667
1192
1442
1427
1676
1685
1759
1531
1842
1590
1842
1701
2276
1574
2317
1638
1795
1659
1804
1955
2243
1716
2066
1505
2348
1480
1700
1321
1647
1701
2385
1628
2256
1674
2231
1693
1655
1750
2374
1826
1605
1798
1898
1743
2394
1712
1595
1838
2512
1798
2314
1646
2768
1911
2240
1711
2017
1864
1865
1627
2102
1912
2518
2089
2440
2106
2102
1842
1744
1684
2384
1882
2680
1754
2405
1438
2651
1769
2143
1592
2147
1996
2123
1993
1745
2015
1934
1718
2564
1800
1879
1664
2029
1580
2355
2409
2876
2007
2288
1882
2861
2172
2372
1809
2220
2505
2333
2374
2906
2038
2444
2082
1973
1929
2397
2155
1925
2192
2008
1950
1869
2452
2429
2039
2374
1798
2690
2088
2265
1419
2569
1554
2253
2376
2783
1876
2299
2355
2077
1768
838
2236
2472
1713
2778
1940
2410
1853
2852
1922
2452
2250
2504
2414
2214
2587
2035
2882
2684
2110
2875
