Starting data capturing
Starting data capturing
Channel 0 Data:
1724
1702
1746
1701
1704
1753
1755
1679
1740
1624
1619
1634
1658
1600
1614
1616
1584
1556
1626
1635
1595
1645
1662
1597
1634
1713
1619
1691
1664
1624
1680
1619
1652
1687
1605
1672
1691
1591
1630
1635
1572
1554
1523
1480
1510
1510
1573
1523
1466
1435
1497
1494
1423
1423
1494
1388
1422
1424
1510
1533
1435
1394
1370
1378
1366
1322
1278
1199
1262
1223
1198
1169
1128
1128
1149
1040
1066
993
1005
970
978
912
876
935
879
832
832
817
795
735
751
758
770
773
760
688
805
801
667
726
637
645
571
611
626
583
548
578
579
485
508
485
497
485
455
474
417
375
418
442
411
365
383
334
338
306
320
342
299
227
275
227
190
187
222
156
155
119
162
117
223
102
80
94
137
103
68
125
0
36
41
73
4
40
43
48
0
39
10
6
0
0
14
0
0
0
0
0
0
0
0
0
0
0
0
0
0
0
0
0
0
0
0
0
0
0
0
0
0
0
0
0
0
0
0
0
0
0
0
0
0
0
0
0
0
0
0
0
0
0
0
0
0
0
0
0
0
0
0
0
0
0
0
32
21
0
90
0
60
0
8
123
58
10
73
121
216
262
213
209
403
414
397
398
457
571
628
635
676
746
857
847
943
920
937
976
948
952
1054
995
1062
1037
1076
1067
1144
1100
1117
1122
1137
1129
1118
1161
1225
1195
1166
1161
1158
1227
1362
1309
1287
1379
1378
1417
1424
1441
1468
1490
1503
1623
1533
1540
1579
1693
1604
1640
1703
1659
1670
1561
1633
1647
1673
1640
1744
1690
1595
1708
1680
1612
1633
1703
1638
1633
1671
1690
1754
1672
1755
1729
1733
1752
1744
1816
1800
1815
1879
1875
1866
1895
1847
1928
1820
1808
1824
1780
1744
1836
1747
1718
1719
1748
1771
1686
1638
1745
1643
1739
1678
1684
1664
1712
1641
1629
1623
1633
1589
1547
1563
1458
1544
1460
1474
1535
1488
1439
1421
1394
1336
1408
1375
1398
1328
1435
1405
1310
1469
1326
1363
1404
1382
1389
1309
1342
1360
1332
1267
1299
1201
1196
1236
1158
1163
1191
1105
1067
1147
1000
1011
1068
1034
999
973
985
954
923
896
902
905
863
808
810
861
866
809
862
816
748
809
800
713
740
725
781
686
674
730
776
721
660
633
612
640
668
639
678
634
575
646
583
572
601
527
525
586
610
494
568
500
491
464
444
497
485
467
517
430
397
435
408
374
391
388
400
463
404
312
352
244
353
396
405
243
416
336
353
247
308
267
250
257
225
303
210
258
258
189
177
169
236
216
159
119
138
65
94
107
81
96
98
11
0
21
0
19
0
0
0
0
0
0
0
0
0
0
0
0
0
0
0
0
0
0
0
0
0
0
0
0
0
0
0
0
0
0
0
0
0
0
0
0
0
0
0
0
0
0
0
0
0
0
0
0
0
0
0
0
0
84
145
133
217
327
338
399
507
519
571
604
704
727
703
704
672
680
666
648
743
741
795
731
742
796
730
702
651
669
728
679
747
770
746
702
773
803
877
803
858
826
913
839
843
888
903
865
962
1010
991
990
1086
1102
1123
1108
1160
1128
1140
1140
1130
1187
1158
1288
1236
1344
1401
1304
1316
1363
1337
1465
1416
1459
1464
1532
1595
1552
1633
1664
1716
1701
1725
1782
1749
1791
1876
1840
1881
1856
2008
1902
2011
1987
2060
2017
2120
2061
2158
2103
2155
2154
2252
2223
2211
2243
2300
2266
2295
2300
2325
2336
2390
2332
2402
2353
2390
2395
2444
2424
2419
2412
2427
2543
2535
2479
2522
2561
2556
2590
2607
2583
2612
2604
2632
2658
2709
2676
2723
2668
2769
2672
2710
2697
2737
2759
2805
2737
2780
2787
2842
2854
2832
2784
2870
2811
2871
2813
2896
2857
2808
2845
2864
2893
2929
2872
2938
2872
2841
2855
2892
2950
2885
2882
2894
2924
2972
2972
2910
2864
2933
2899
2929
2900
2939
2886
2963
2927
2932
2945
2905
2915
2919
2874
2900
2954
3000
2898
2943
2942
2871
2947
2920
2879
2839
2867
2861
2848
2846
2907
2906
2788
2821
2723
2803
2749
2762
2842
2740
2743
2730
2797
2773
2758
2788
2755
2728
2805
2820
2803
2824
2713
2791
2755
2686
2661
2746
2762
2801
2838
2710
2780
2778
2843
2758
2764
2810
2810
2782
2781
2778
2788
2803
2759
2834
2838
2816
2794
2761
2846
2710
2794
2770
2779
2732
2782
2852
2798
2853
2877
2811
2769
2838
2866
2888
2844
2868
2930
2867
2896
2813
2828
2814
2872
2928
2885
2992
3028
3009
3017
2982
3100
2938
3006
3003
2947
3025
2992
3048
3024
2932
2947
3041
2904
2885
2933
2904
2924
2958
2966
2857
2876
2889
2858
2828
2854
2834
2858
2787
2822
2815
2808
2705
2766
2763
2746
2733
2728
2736
2653
2662
2660
2656
2619
2614
2591
2512
2588
2662
2515
2606
2485
2469
2512
2548
2375
2491
2488
2452
2324
2363
2300
2342
2275
2339
2244
2247
2242
2274
2185
2231
2101
2196
2003
2085
2049
1996
2015
1874
1935
1900
1819
1816
1894
1819
1708
1772
1735
1703
1734
1687
1648
1650
1560
1573
1580
1558
1595
1535
1406
1456
1443
1472
1352
1304
1280
1324
1261
1220
1224
1213
1182
1146
1072
1067
1112
1120
1013
1031
1009
1069
929
946
1035
924
848
978
849
875
841
892
828
757
846
826
790
703
803
695
720
643
624
635
687
742
709
715
715
822
876
844
787
807
924
991
1073
1079
1107
1238
1336
1264
1311
1348
1320
1374
1425
1407
1525
1627
1586
1570
1631
1680
1614
1703
1586
1629
1659
1592
1668
1651
1665
1744
1639
1677
1646
1606
1569
1562
1570
1521
1641
1546
1629
1506
1488
1505
1546
1512
1592
1576
1501
1577
1618
1606
1586
1616
1608
1546
1571
1635
1620
1633
1656
1627
1607
1600
1616
1620
1705
1633
1740
1735
1837
1789
1784
1852
1907
1770
1896
1882
1897
1923
1984
2013
1931
1963
1976
1936
2053
1979
2064
1964
1942
2082
2066
2008
1991
1990
1875
2024
1991
1972
1961
1996
2007
2034
1984
1899
1994
2030
1948
2061
2032
2045
2144
2056
2054
2094
2031
2007
2057
2012
2034
2037
2023
2040
1980
2084
2073
2055
1914
2001
2109
2015
1965
2000
1994
2070
2158
2178
2137
2199
2228
2218
2280
2285
2251
2234
2308
2305
2322
2318
2375
2474
2422
2492
2564
2502
2510
2604
2664
2665
2631
2705
2672
2698
2696
2784
2784
2777
2811
2782
2796
2794
2850
2822
2947
2908
2985
2920
2979
2926
2960
2962
2947
2964
3037
2976
3008
3116
3039
3047
3031
3055
3047
2979
3056
3036
3124
3053
3123
3103
3096
3054
3056
3030
3010
3006
3017
3043
3036
3050
3032
3042
3050
3053
3076
3021
3052
3034
3011
2944
2987
2970
2957
2919
2913
2917
2864
2896
2863
2812
2908
2790
2824
2787
2835
2846
2821
2841
2820
2784
2748
2696
2796
2767
2732
2730
2726
2798
2766
2751
2757
2786
2768
2772
2807
2866
2822
2817
2847
2838
2857
2843
2843
2854
2858
2871
2889
2928
2842
2855
2866
2927
2879
2864
2816
2828
2875
2919
2905
2826
2858
2815
2831
2810
2836
2855
2860
2872
2828
2830
2915
2880
2772
2849
2815
2817
2765
2832
2852
2846
2825
2751
2719
2842
2772
2744
2742
2838
2840
2793
2800
2743
2747
2760
2702
2730
2686
2651
2776
2711
2663
2683
2756
2760
2756
2687
2740
2744
2753
2688
2719
2673
2695
2721
2646
2631
2682
2702
2688
2640
2634
2696
2674
2592
2608
2602
2587
2592
2601
2544
2606
2565
2599
2594
2570
2560
2584
2539
2526
2536
2535
2549
2502
2496
2544
2465
2523
2435
2470
2476
2410
2525
2465
2382
2457
2465
2426
2467
2423
2364
2449
2415
2408
2333
2432
2370
2442
2399
2418
2362
2420
2415
2374
2344
2413
2366
2420
2451
2519
2515
2526
2575
2531
2472
2463
2480
2466
2486
2468
2422
2498
2505
2481
2400
2391
2474
2398
2343
2425
2373
2366
2340
2306
2246
2278
2187
2280
2259
2232
2227
2252
2147
2193
2163
2139
2107
2109
2076
2082
2108
2043
2031
2006
2058
2025
2010
1962
1904
1944
1913
1884
1895
1824
1811
1804
1821
1812
1732
1804
1723
1741
1688
1712
1654
1691
1613
1697
1605
1648
1676
1611
1583
1544
1596
1585
1552
1569
1563
1495
1506
1498
1511
1497
1464
1586
1600
1556
1696
1737
1736
1760
1880
1978
1991
2042
2082
2144
2148
2308
2295
Channel 1 Data:
1789
1422
2032
1441
1523
1457
2044
1361
2127
1262
1216
1264
2197
1239
1393
1368
1923
1316
2132
1312
1591
1409
1903
1315
1320
1504
1176
1323
1414
1596
1542
1623
1313
1174
1862
1294
2205
1079
2565
1385
1704
1648
1795
1283
1419
1830
2298
1082
1374
1170
1744
1347
1505
1215
2563
1418
1686
1219
2097
2012
1914
1329
1683
1307
1202
1570
1574
1272
2193
1424
1775
1409
1727
1538
1675
1382
936
1472
1936
1603
1797
1599
1554
1475
2248
1088
1964
2098
1785
1157
1439
1356
1981
1800
2351
1506
2297
2288
1972
1670
1839
2155
1935
1429
1860
1835
1895
2156
2328
1516
1561
1418
1995
1291
1467
2432
1873
1340
2060
2361
1803
1770
1808
1823
2056
1269
2407
2894
1549
1592
2506
1721
1680
1626
2736
1787
1757
1669
1583
1351
2727
1971
2076
2227
1636
1994
2284
2251
900
1683
2221
2591
1696
1928
2493
2165
1671
1604
2637
2230
1331
2846
3442
2222
2598
2548
2776
835
1692
1669
3282
1697
2392
1517
2038
1512
1338
2336
1731
1521
1523
2233
1528
1703
2373
1688
2368
2758
2102
1884
1926
1398
129
2992
2438
1649
1067
2329
2241
1104
2423
2838
1872
2253
1665
3020
1903
1694
2841
2514
2176
2282
2692
1774
1613
1357
2675
1262
1884
1678
1920
1888
1771
2503
1913
1451
3206
1500
2272
1044
1392
3478
2224
1242
571
1562
1958
1920
1829
378
2624
2107
2940
547
1762
1563
2125
1622
1238
1702
1842
1446
2571
1192
1838
2124
1694
373
1543
1056
1761
1450
1721
1028
1332
1540
1722
2016
1395
2322
2203
1178
1970
2120
1715
1964
1487
1299
2955
2024
1020
2212
1142
1696
1215
1698
960
1517
2056
2001
1047
579
1533
2043
1654
667
1858
1526
2864
283
1760
1504
1936
1008
2492
1488
789
1433
2453
1254
1210
1793
935
1069
1265
1919
2814
2100
1778
1842
1411
1271
1164
1963
1587
1421
1099
2068
1989
2420
1491
2311
1196
2263
763
1613
1152
1229
1186
1331
824
1229
2160
1196
741
1434
727
1812
1641
1509
825
1534
1507
1278
993
2822
1726
1859
1509
758
1664
1670
1114
2045
1589
1380
1611
1527
359
1544
2124
1148
421
1707
1093
1158
2705
1415
1263
1315
2241
2057
1355
1862
1561
2402
1160
1200
943
1953
1591
302
676
1244
1407
1092
1777
595
1185
1248
1073
928
1062
1359
1641
1152
633
1153
1845
1814
536
1618
1811
1924
1156
1513
1571
1671
1158
1806
1082
661
1086
1018
1099
1125
2292
2516
1506
1353
1579
1440
1705
2056
1569
1492
1810
1614
1735
1624
1293
1631
1761
1286
1760
1960
1729
1354
1264
1653
1315
1450
1691
2133
1724
2165
2037
1105
1216
1892
1432
2370
1943
2020
2212
2179
1412
1940
984
1445
1296
2235
442
1957
1986
2388
1370
2087
2038
2035
1808
1941
1682
1930
1949
3026
1835
2046
1677
2442
1952
1895
1835
1522
1522
1941
2177
2007
1632
2041
1530
1744
1765
1606
1840
1867
1430
1522
1818
2217
1844
1367
1441
1976
1833
2511
1678
2013
1347
2499
1904
1576
2157
1923
1687
2309
1475
1507
2278
1354
1823
2080
2045
1765
1540
2179
2126
2496
1795
1738
1898
1607
1828
1616
2320
1829
1727
1742
1817
2166
1497
1866
1882
1514
1540
1856
1892
1700
1870
2338
1714
1518
1888
1548
1874
2081
1952
2010
1839
1856
2198
2223
1686
1563
1807
1809
2110
1915
1659
2007
1777
2263
1890
1673
1732
1478
2047
1747
1759
1558
1655
1426
1456
1878
1626
1898
1615
1601
1501
1853
1634
1638
1611
2004
1420
1941
1359
1719
1772
1674
1355
2064
1480
2288
1624
1833
1439
1403
1484
1764
1649
1426
1553
1840
1400
1646
1592
1477
1797
1562
1234
1715
1431
2072
1215
2033
1547
1702
1416
1733
1596
1109
1835
1920
1637
1543
1097
1854
1363
2320
1233
1928
1504
2235
1363
2281
1342
1787
1402
1897
1351
1667
1557
2327
1338
1781
1504
1877
1526
2224
1097
1578
1563
1768
1363
2200
1688
1796
1430
1387
1363
2084
1442
1841
1321
1853
1495
1312
1646
1639
1515
1916
1281
2022
1437
2068
1521
1656
1436
1783
1698
1794
1236
1473
1731
1615
1254
1220
1371
2221
994
1863
1356
2029
1245
1162
1559
1083
1541
2295
1564
2003
1190
2281
1449
1609
1329
1744
2092
1734
1087
1371
1652
2057
1626
1787
1217
2125
1376
1776
1216
1950
1099
1217
1545
1999
1517
1644
1373
1320
1065
1588
1643
2091
1256
1954
1527
1390
1632
1988
1544
1498
844
1372
1272
1447
2129
1594
1099
2208
629
1330
1107
1715
1780
922
1757
2020
1925
1407
1609
2368
1339
962
1740
1973
786
1895
446
1270
1430
1271
195
1805
1185
1342
2405
1141
1593
1667
1757
1690
1479
1616
2018
1799
1516
1855
1851
2407
966
2448
2222
1174
1492
1533
2071
300
847
1586
1585
1649
1545
1354
1734
2058
2323
2263
1290
1514
2133
2462
2028
1953
2745
1878
2286
1496
2119
1134
1412
1557
1101
3036
1512
1241
1404
1806
2248
1082
1827
1749
1273
1541
1564
2060
2545
1614
1951
2403
1416
711
1955
1751
2228
2102
1728
1827
2138
2050
1969
2162
2189
840
2678
1675
2139
2683
1640
1470
2205
2620
1034
2200
1282
2148
1327
2203
2252
1944
975
1855
2300
1001
1415
2988
2158
2375
1422
1522
1807
2513
1326
2270
3269
2488
1089
1743
1828
1917
2037
3008
2191
2178
2412
2732
2155
2403
1960
2635
953
2108
2131
2037
2542
1479
1417
2482
1343
1523
2314
2331
946
1331
2015
1930
1980
2580
2606
2556
1458
2382
2036
2642
2292
2374
951
2163
1892
2419
1926
1203
2107
2042
1977
1702
1716
2146
2287
2538
1335
1854
2861
2932
1722
2448
2556
2727
341
1947
2971
2204
1194
3612
1878
1282
1270
3456
2392
1684
1820
2981
2318
894
2521
2432
1795
1738
1500
311
1104
2521
2749
2305
1404
2320
3529
1794
1082
1625
2395
2049
2512
2281
1739
2028
2916
1927
1670
1295
1656
2144
1696
1266
1913
3636
2263
1813
2760
2657
2335
2366
1835
2478
2507
2172
2509
1763
2022
2178
2324
2693
2649
2285
1532
1841
418
1631
2150
1716
2202
1424
1321
1333
1983
1850
2077
1493
1017
1332
2120
2384
2237
2084
2903
1544
1170
1244
1986
2330
2050
1647
1978
1588
1113
1501
2556
1113
1515
1780
2164
1602
1456
2014
2062
588
1368
2252
1720
2141
2223
1351
1526
1487
1107
1785
1753
1404
2374
1677
981
1902
3086
2021
1160
1330
0
1541
1476
882
701
1678
1294
1577
1582
1075
2218
1836
982
1325
2259
2285
2594
2251
1880
1252
1582
1779
1590
1527
1917
1786
1729
1205
764
1722
2341
1915
648
1268
2711
1194
1707
1918
1680
1074
1184
1125
1127
1494
1941
1488
1574
1578
1129
1200
1560
781
1767
1169
1223
926
1137
1168
2404
1181
1316
1505
1881
1538
1805
1195
1714
1108
1558
1441
1318
1160
1334
1336
1089
742
1285
959
1251
661
1427
1321
1910
1458
1409
1005
1254
1286
1106
987
1046
1582
1784
1490
2269
1308
2184
1366
1493
1541
1514
1255
1336
1680
1555
1159
1808
1512
968
787
1380
1272
1412
1010
1799
1219
1521
1217
1325
1217
1909
1511
1272
846
1174
1687
1863
927
1317
1195
790
1142
1238
1236
1841
1283
1067
1004
1327
1444
1443
1634
1194
1554
1526
1120
1811
1474
1214
1267
1515
1526
1742
1025
2081
1450
909
1343
1410
1364
1203
1480
1257
1129
1630
1427
1487
1149
1726
1533
1256
1358
1587
1623
1780
1259
1595
1834
1115
1125
2156
1414
1720
1362
1531
1292
1337
1160
2027
1533
1744
1459
1658
1534
1696
1364
1923
1808
2242
1238
1716
1835
2202
1763
1804
1272
1212
1676
1719
1421
1370
1644
1825
1816
1562
1368
1654
1671
1928
1907
1538
1556
1919
1527
1632
1687
2474
1833
1967
1825
1729
1739
1951
2053
2019
1651
1758
1804
1347
1516
1616
1650
1952
1747
2304
1820
1811
1735
1769
1771
1612
1628
1936
1779
1956
1926
2272
1842
2289
1813
2032
1706
1586
1869
1900
1944
2122
1716
1879
1659
2362
1584
2185
1785
1780
2190
2222
1503
2199
1980
2187
1712
1847
1778
2073
1985
1954
1750
2460
1727
2280
2082
2704
1772
1782
1869
2398
1909
2160
2083
2276
1889
2015
1835
2515
1909
2411
1714
1793
1980
2056
2066
2524
1849
2431
1738
1934
1795
2150
2134
2564
1878
2209
2255
2044
1850
1963
1947
2409
1774
2538
1828
2214
1713
2190
2079
1965
1962
2510
2028
2583
1847
2299
1917
2510
2019
1977
2378
1851
1828
2468
2013
2584
1808
2162
1982
1454
2073
2279
2032
2670
1714
2220
2020
2239
1923
2877
1949
2232
1795
2510
1918
2576
2382
2529
1836
2008
2074
2452
2459
2669
2220
2005
2267
2409
2068
2961
1886
2795
1892
1143
2169
2182
1861
1920
2675
2238
2088
2208
1603
2360
1728
2669
2304
