Starting data capturing
Starting data capturing
Channel 0 Data:
3104
3065
3057
3107
2974
3025
2953
2889
3016
2907
3027
2916
2966
3122
3024
3048
3132
3060
3043
3040
2967
3069
3008
2914
2967
2932
2902
2866
2967
2970
2886
2857
2901
2880
2894
2939
2931
2804
2843
2911
2882
2836
2794
2822
2778
2749
2679
2688
2660
2707
2644
2743
2600
2606
2615
2537
2598
2627
2600
2596
2549
2495
2503
2593
2520
2498
2493
2465
2482
2464
2354
2359
2285
2337
2234
2310
2306
2234
2195
2160
2116
2091
2118
2076
2095
1897
1988
1966
1979
1791
1894
1903
1759
1734
1782
1700
1687
1651
1672
1582
1503
1467
1434
1434
1308
1368
1459
1360
1369
1282
1272
1167
1206
1151
1159
1076
1081
1088
1074
1154
1108
1131
1103
1130
1310
1369
1312
1408
1363
1420
1480
1535
1648
1579
1699
1866
1847
1954
1879
1954
2086
2047
2138
2162
2210
2186
2310
2285
2362
2433
2507
2473
2517
2574
2656
2613
2682
2667
2706
2683
2736
2749
2882
2814
2840
2883
2956
2934
2994
3018
2935
3044
2990
2957
3004
2943
2942
2955
2950
2988
3029
3031
3012
3076
2975
2988
2993
2998
3031
2928
2925
3001
2928
2898
2881
2895
2857
2908
2867
2910
2803
2829
2896
2823
2805
2886
2876
2795
2841
2874
2888
2765
2809
2855
2852
2797
2746
2801
2803
2759
2756
2805
2764
2720
2733
2774
2796
2793
2813
2816
2772
2706
2704
2707
2680
2736
2666
2749
2605
2592
2670
2567
2568
2616
2521
2537
2592
2565
2632
2629
2683
2628
2635
2728
2767
2775
2812
2850
2863
2839
2795
2840
2872
2866
2838
2760
2727
2629
2720
2626
2644
2664
2577
2576
2505
2448
2446
2446
2356
2341
2346
2331
2372
2249
2258
2293
2189
2240
2268
2134
2129
2151
2115
2064
2136
2039
2059
1999
1975
1932
1990
1943
1956
1915
1865
1952
1918
1966
1947
2013
1883
2081
1848
1811
1787
1726
1777
1791
1798
1808
1754
1687
1714
1740
1794
1702
1674
1753
1804
1768
1556
1600
1574
1547
1476
1500
1470
1424
1471
1412
1417
1392
1397
1418
1306
1296
1294
1243
1223
1267
1238
1212
1156
1088
1053
1115
1094
991
995
1030
985
926
924
953
896
838
964
886
918
877
883
797
785
702
716
661
759
756
642
700
731
580
604
634
609
506
581
543
632
654
744
867
860
925
1010
1038
1158
1274
1383
1363
1555
1546
1593
1772
1712
1768
1939
1894
1963
1947
2026
2047
2085
2132
2111
2178
2266
2337
2331
2233
2332
2363
2391
2348
2407
2481
2432
2442
2502
2447
2460
2493
2587
2482
2441
2510
2550
2497
2587
2654
2620
2564
2574
2551
2556
2603
2617
2726
2706
2627
2715
2709
2677
2727
2725
2716
2801
2751
2780
2890
2849
2791
2843
2851
2740
2819
2903
2829
2783
2784
2801
2816
2925
2832
2834
2865
2832
2866
2821
2874
2873
3008
2957
2990
3000
2892
2846
2887
2806
2862
2841
2854
2832
2867
2849
2840
2709
2789
2752
2766
2882
2855
2827
2772
2949
3150
3192
3245
3186
3334
3002
2849
2880
2911
2806
2788
2780
2798
2841
2764
2729
2792
2763
2659
2688
2614
2632
2691
2658
2787
2691
2803
2853
2790
2782
2712
2712
2909
2811
2775
2710
2868
2516
2546
2543
2389
2366
2427
2366
2383
2454
2480
2368
2402
2341
2308
2284
2328
2436
2209
2222
2208
2229
2229
2448
2448
2350
2223
2211
2252
2245
2406
2357
2071
2192
2371
2095
2094
2011
1956
1964
2019
1870
1931
1840
1766
1845
1827
1776
1732
1809
1745
1632
1690
1641
1710
1626
1630
1648
1621
1591
1564
1559
1503
1619
1498
1487
1508
1528
1474
1498
1525
1496
1623
1417
1428
1559
1464
1478
1406
1488
1338
1393
1346
1386
1334
1345
1348
1304
1228
1226
1262
1403
1268
1274
1185
1242
1281
1227
1345
1213
1267
1152
1175
1060
1056
1060
989
985
1020
1041
991
983
977
908
964
943
933
809
781
838
794
1011
842
796
789
726
702
700
633
666
556
615
573
706
681
725
720
789
802
837
952
935
951
1037
1066
1093
1181
1216
1210
1303
1379
1458
1468
1601
1634
1573
1644
1730
1888
1920
1934
1901
2113
2010
2067
2170
2245
2152
2132
2059
2188
2042
2179
2136
2144
2242
2451
2355
2197
2221
2172
2267
2232
2213
2304
2261
2288
2334
2246
2233
2325
2304
2324
2320
2355
2345
2412
2387
2431
2468
2473
2479
2474
2506
2552
2566
2500
2554
2556
2630
2588
2572
2612
2608
2652
2664
2600
2566
2604
2601
2569
2597
2570
2583
2608
2625
2596
2674
2638
2628
2638
2736
2635
2664
2710
2614
2657
2680
2645
2648
2618
2691
2730
2664
2638
2660
2613
2604
2618
2637
2636
2608
2654
2615
2572
2592
2517
2580
2580
2594
2535
2504
2479
2555
2500
2485
2498
2427
2414
2348
2336
2360
2304
2323
2339
2239
2341
2324
2322
2314
2220
2206
2192
2198
2211
2232
2179
2270
2241
2300
2310
2325
2314
2309
2227
2265
2290
2235
2208
2170
2277
2275
2207
2169
2156
2166
2282
2128
2206
2130
2144
2169
2144
2064
2068
2130
2058
2079
1994
1981
2033
1959
2040
2019
1940
1924
1949
1924
1835
1895
1893
1872
1800
1867
1894
1903
1916
1821
1836
1717
1768
1738
1811
1774
1651
1566
1612
1577
1497
1522
1491
1456
1427
1389
1353
1341
1375
1357
1383
1261
1274
1133
1206
1106
1098
1098
1017
1055
1050
1040
958
1003
994
910
860
938
869
832
784
888
824
776
726
819
696
695
734
659
621
597
627
620
666
544
550
535
538
467
450
460
393
453
420
366
361
371
303
316
315
261
347
297
239
299
315
429
478
582
605
671
696
771
779
879
909
955
1141
1075
1199
1213
1230
1445
1408
1464
1438
1662
1532
1575
1683
1668
1794
1780
1870
1726
1909
1934
1876
1944
1926
2005
1997
1971
1976
1955
2018
2044
1957
2005
1963
1991
2101
2096
2077
2075
2134
2136
2207
2268
2355
2222
2349
2312
2435
2387
2392
2414
2404
2459
2516
2443
2498
2459
2516
2462
2432
2430
2484
2494
2441
2394
2413
2375
2374
2370
2403
2386
2402
2380
2487
2524
2494
2454
2499
2465
2373
2358
2456
2329
2436
2376
2467
2359
2365
2432
2443
2379
2420
2380
2440
2382
2415
2467
2375
2313
2319
2272
2357
2188
2221
2147
2216
2110
2187
2064
2122
2074
2002
2062
2036
2008
1972
1960
1943
1980
1975
2002
2035
1892
1939
1915
1952
1914
1935
1961
2018
1957
1918
1904
1903
1942
1923
1790
1719
1800
1775
1676
1687
1720
1659
1670
1656
1672
1592
1529
1499
1508
1442
1401
1424
1439
1357
1299
1317
1380
1349
1367
1318
1289
1263
1275
1242
1260
1214
1205
1248
1228
1094
1130
1182
1101
1052
1052
1076
1056
994
971
968
942
976
992
878
922
963
1018
879
890
968
832
760
806
842
1024
818
813
872
710
676
774
749
640
506
493
601
526
499
480
386
450
425
428
425
385
380
490
366
587
604
374
261
307
219
187
180
262
239
188
187
189
142
258
302
46
57
149
50
66
99
92
179
0
64
30
4
0
0
83
0
0
0
0
0
0
0
0
0
0
0
0
0
0
0
0
63
31
151
196
304
424
481
616
622
759
902
935
987
1177
1167
1247
1346
1515
1530
1540
1743
1704
1850
1838
1921
1873
1970
1863
1930
2027
2015
2017
2000
2041
2058
2030
2045
2171
2037
2053
2097
2135
2158
2215
2169
2188
2171
2258
2246
2275
2213
2344
2304
2293
2243
2299
2291
2307
2282
2314
2329
2428
2354
2323
2365
2341
2381
2327
2313
2296
2309
2242
2288
2274
2271
2293
2296
2277
2261
2295
2220
2178
2244
2267
2226
2170
2214
2254
2216
2224
2181
2303
2202
2242
2215
2210
2304
2315
2209
2237
2215
2247
2211
2262
2257
2226
2288
2253
2178
2181
2130
2112
2162
2139
2158
2194
2156
2150
2152
2223
2119
2068
2104
2119
2126
2107
2152
2167
2139
2188
2143
2188
2162
2282
2173
2192
2214
2325
2222
2265
2189
2219
2156
2163
2168
2161
2103
2094
2013
2029
1966
1979
1945
1939
2005
1924
1990
1974
2008
2013
2070
2064
2034
2023
2014
1929
1980
1918
1884
1874
1894
1864
1748
1779
1789
1758
1778
1749
1680
1660
1654
1737
1658
1726
1594
1592
1589
1557
1525
1572
1557
1480
1446
1508
1429
1436
1436
1477
1387
1362
1416
1425
1390
1330
1305
1217
1270
1360
1297
1302
1312
1313
1265
1204
1186
1159
1223
1169
1232
1138
1119
1164
1115
1064
1111
1106
1133
1098
943
1178
1104
1340
1093
1024
1058
1068
980
974
1022
977
880
1021
917
943
929
958
864
763
764
757
759
772
802
734
686
761
677
740
712
596
627
641
720
707
650
681
579
Channel 1 Data:
955
1209
1093
1491
302
1733
1225
695
1911
1032
2083
824
1336
1799
999
1649
1601
1592
1221
923
1467
2130
1623
121
1566
522
1234
1379
1265
2084
840
1038
1465
1353
1546
1702
1727
1318
1991
2038
2495
1197
1780
1633
1414
1146
835
930
687
1152
1183
1632
1177
1109
1272
537
1704
1318
1191
1624
1743
1670
1128
1933
1787
1725
1150
1871
2142
2680
1591
973
1158
1621
1494
2085
1726
1651
1635
1335
1449
1544
1616
1988
2740
67
1326
1940
2171
694
1873
2365
1522
1992
2390
2217
1857
1199
2162
1766
981
1111
1313
1512
508
1265
2050
2004
1622
1241
2059
1077
1801
1915
1767
1868
1380
2381
1996
3118
1629
2154
1480
0
2025
2025
1694
1232
1004
883
1605
1622
1815
222
1483
2020
800
1522
902
1565
2706
1967
1468
1437
1639
1069
1626
1406
1421
1769
2031
2005
2106
2239
1458
1896
2167
814
1344
1119
1446
1496
1660
1470
1761
1632
2679
1617
1582
1085
1390
1564
1490
1423
2124
992
1297
1132
1238
1733
2140
968
1865
821
1281
1180
1235
2169
1770
1318
1103
1892
1729
1484
1686
1696
1582
1499
1338
1133
887
1079
1890
1021
629
1147
1631
1090
1674
1378
2082
1260
1824
638
1915
1304
1138
847
1261
1025
1619
1933
1508
1116
1033
1242
1377
1303
1794
1039
2121
1257
1844
1344
1479
1370
1198
1711
447
1202
1753
1583
909
1307
1305
1195
1359
805
1716
1462
1266
1249
1056
1398
1041
1412
1515
1478
1602
1222
1043
1375
1870
1187
1458
1528
1603
876
1567
1168
1749
1289
1464
1604
1149
1224
1585
1448
1101
1278
1327
1284
1492
1068
1412
1089
1322
1414
1420
1185
1136
1417
1132
1229
1395
1344
1200
1693
1408
1218
1698
1510
1497
1480
1548
1487
1532
1391
1618
1557
1531
1754
1608
1473
1796
1247
1508
1479
1853
1466
1755
1571
1864
1536
1521
1561
1950
1291
1978
1716
1591
1488
2020
1551
1545
1621
1811
1497
2488
1648
2308
1759
2247
1923
1634
1863
2332
2022
2226
1664
2296
1631
2098
1469
1808
1757
2219
1737
1626
1776
1900
1789
1905
1753
2092
1490
2760
1702
2381
1832
2348
1715
2208
1626
1783
1137
1646
1597
1864
2251
2660
1386
1894
1800
2063
1800
1867
1658
1597
1672
2327
1742
1855
1747
2188
1440
2100
1573
2726
1786
2108
1857
1662
2132
1530
1248
2259
1883
2248
1076
1547
1485
2432
2020
1660
1492
1842
2808
2211
1805
2212
2474
1817
1275
1264
1753
1708
1522
1603
1255
1251
1335
2633
1356
763
1649
2315
1332
2104
2433
2179
1924
2009
1721
1763
1676
1684
2595
2206
922
1922
1910
1503
1960
1663
1266
1474
1588
1392
1983
1645
1748
1895
2018
1048
1622
2312
1496
1030
1111
1290
1336
2205
1767
1024
2209
1782
1867
1339
2208
1432
1860
2289
1525
1250
1098
1247
2383
1226
1997
2170
1343
1990
1335
2422
2022
326
1444
1676
901
2112
1083
1632
793
1456
1380
1886
1536
993
1900
1733
727
1576
2617
1881
970
840
856
1706
1298
1229
1445
1255
1417
1824
1273
1073
1180
1333
1888
690
1900
2014
2715
1201
1155
657
1050
1250
879
1132
1137
1290
1686
1782
870
970
2072
1878
474
1505
2554
1042
1391
1760
1398
2001
1960
1588
1566
1238
1939
1910
1350
1226
1941
1640
1679
1826
2061
1530
1782
1301
497
1717
2287
1572
1711
1190
1017
2002
2537
1490
1846
1967
1355
1435
1962
1613
2148
2697
1660
792
2026
1513
2203
1843
1626
1642
1976
1971
1474
1779
1960
2202
1525
1445
1195
1309
1769
1199
2533
1633
3464
1231
1519
1667
1547
1324
1659
1628
1354
2195
1548
2340
1622
871
1734
885
1297
807
1820
2349
1733
1298
1494
1328
2290
1380
1758
1818
1340
1698
1760
1020
1081
1636
926
1503
1677
1708
1739
1760
1832
1567
1770
1396
1608
1697
1645
2324
1106
1990
2321
1871
2078
1263
1764
1698
2171
1901
1606
1914
1986
2240
1842
1913
1203
1787
1835
1469
2358
1619
1911
2193
1678
1661
1938
1521
1391
2102
1500
1806
1650
1665
1903
1678
1632
1474
2021
1700
1590
1440
2349
1856
1883
1884
1463
1963
1758
1835
2335
1505
1786
1708
2120
1835
2224
1436
1597
1972
1179
1486
2055
1652
2339
1655
1270
1912
1466
1425
1206
1462
1829
1668
1468
1480
1496
1621
1873
1650
1817
1591
1342
1689
2216
1674
1387
1723
2049
1514
1487
1549
2161
1406
1437
1659
1614
1169
1287
1084
1134
1596
1415
1300
1450
1380
1354
1460
1279
1301
1339
1602
1747
1397
1785
1324
1641
1523
1658
1479
1436
1352
1759
1412
1162
1244
1471
1394
1767
1541
1399
1577
1624
1396
1601
1303
1190
1337
1542
1095
1541
1324
1417
1322
1633
1254
1858
1304
1664
1528
1386
1426
1378
1360
1468
1298
1562
1426
1536
1323
1215
1194
1406
1267
1721
1226
1153
1333
1547
1622
1975
1384
2225
1225
1290
1275
2110
1277
929
1080
1523
1344
1764
1218
1361
1249
1680
1215
1264
1006
1756
1619
1917
1132
1322
1612
1967
1326
1351
1255
1251
1288
2248
1278
1886
1110
2155
1625
1295
1455
2274
1630
1051
1463
1790
1484
2192
1511
1970
1406
1539
1201
1906
1399
1708
915
2357
1511
1525
1716
1788
1700
1507
1425
1496
1448
1602
1868
2010
1549
1804
1412
2320
1403
1335
1692
243
1781
2027
1836
1474
2321
1956
1889
1768
1612
1993
1455
1922
2191
2279
1885
1878
3057
2035
2212
2098
2112
1758
1869
2657
2286
2557
2085
2110
1895
1791
1709
1747
2227
1123
1369
2392
1524
1568
1723
1913
1959
2206
1271
1876
2268
1513
2194
1626
2107
1866
2863
1448
2056
2087
2461
759
1422
1932
1548
2746
1704
1429
1634
959
2285
1508
1636
1550
2806
1969
1555
1395
2160
2579
2170
1966
694
2166
2381
2061
1607
1880
2192
1835
2093
2083
2016
2264
1754
1042
1708
968
1223
3090
2378
916
1696
1825
1462
1883
1328
2505
525
1820
1731
2350
1769
1602
2277
1471
1970
2099
1849
1476
504
3017
1641
1035
1082
2300
2428
1540
1608
1317
1314
1536
1756
1997
1863
1349
1357
2564
2590
2134
1560
1999
1288
1078
1157
1560
1115
1851
793
1986
934
715
931
1625
1123
892
1246
1333
1727
1431
2143
2300
1464
1668
1324
2470
1143
1901
1387
1448
1867
2007
1239
1804
1155
823
1593
1560
970
1021
918
1402
895
1267
1633
2346
1000
1590
1352
1876
784
965
1249
1823
913
1498
1667
1348
1927
2439
1593
893
1415
2325
1292
1188
1892
907
1721
1548
1821
1594
1109
1298
1954
296
538
1587
2006
1121
800
1054
1952
1373
2112
1755
1158
1796
2395
1686
1783
846
1626
1329
1860
144
1245
1658
1476
1076
942
1776
2150
1433
1122
1831
1615
1355
2552
1118
1872
1469
2331
1175
2170
1909
1954
1110
1101
1268
1488
1286
1416
1099
1666
1789
1416
1885
1770
1289
975
1468
2026
1856
2072
1941
2452
2035
1934
1478
2314
2168
2019
1620
1416
1491
1876
1326
1746
1769
1585
1705
1982
1701
2126
1961
1905
1615
1836
2556
1560
1444
1812
1649
1649
1397
1598
1792
1603
1669
1999
1793
1686
2121
2312
2106
1065
1921
1511
1799
1451
2070
1840
1623
1251
1538
1706
1847
1948
1810
1975
1878
2005
2193
2554
1775
2234
1716
2107
1553
1776
1973
1708
1913
2102
1991
1939
1431
1784
1776
1749
2256
2003
1597
1815
1701
1672
1790
1447
1580
2325
1999
1774
1551
1408
1612
1798
1627
2182
1678
1499
1722
1946
1619
1547
1491
1731
1548
2233
2009
1629
1878
1998
1812
1988
1603
1864
1963
1925
1649
1881
1640
2096
1479
1332
1653
1682
1586
1859
1413
2129
1229
1793
1376
1737
1534
1634
1637
1407
1438
1677
1512
1380
1269
1837
1471
1496
1487
1828
1499
2042
1471
2443
1917
2006
1527
1692
1498
1865
1189
1639
1492
1817
1031
1711
1326
1727
1601
1616
1274
1839
1311
1636
1772
1700
1563
2036
1378
1162
1272
1656
1403
1109
1477
2263
1303
1763
1494
2024
1683
2088
1379
1651
1390
2005
1290
1696
1220
2233
1307
2041
1388
1456
1254
1531
1404
1890
1494
1329
1349
1389
1349
1588
1526
1514
1436
1652
1656
1808
1621
1817
2190
2236
1668
1394
1567
1474
1689
1800
1686
1678
1644
1501
1123
2131
1413
2211
1523
1062
1885
1751
1447
1896
1629
2077
1252
1627
1307
1812
1531
1719
1074
1829
1138
2237
1759
1806
590
1662
1867
1595
1322
2080
1438
1568
1965
1448
1903
2058
2274
2149
1459
2332
1556
2031
1114
1378
1725
1391
1956
1782
1534
1075
1362
1944
1543
1970
1784
1808
0
1293
1478
1888
1410
1841
1918
1828
2085
1774
2055
1542
1383
2904
1366
1631
1803
1922
2231
2155
1868
1525
1785
1376
2263
1836
1681
1822
1606
2358
1923
966
2043
2271
2855
2327
2451
2269
1006
