Starting data capturing
Starting data capturing
Channel 0 Data:
891
874
967
1131
1146
1257
1335
1302
1359
1428
1491
1532
1576
1689
1666
1784
1867
1838
1864
1957
1949
2036
2028
2091
2058
2160
2178
2140
2257
2272
2244
2281
2294
2230
2306
2366
2365
2338
2374
2439
2518
2482
2434
2482
2499
2496
2514
2576
2624
2666
2646
2678
2750
2764
2781
2759
2803
2795
2830
2817
2806
2830
2885
2907
2879
2881
2984
2873
2952
2892
2933
3068
2994
3018
3056
3017
3000
3001
3079
3067
3059
3093
3148
3067
3143
3110
3107
3147
3187
3180
3156
3168
3115
3140
3146
3058
3131
3194
3192
3106
3258
3181
3141
3198
3117
3139
3160
3243
3188
3199
3164
3287
3259
3170
3184
3192
3218
3175
3152
3126
3182
3171
3218
3100
3088
3154
3178
3173
3096
3136
3119
3112
3110
3157
3164
3216
3192
3106
3181
3096
3170
3120
3108
3140
3090
3131
3111
3127
3222
3180
3164
3218
3162
3176
3245
3229
3202
3170
3149
3220
3147
3251
3158
3234
3179
3196
3217
3247
3203
3212
3224
3188
3198
3230
3218
3196
3128
3179
3082
3168
3152
3167
3174
3207
3148
3227
3158
3164
3122
3198
3133
3206
3156
3131
3168
3165
3094
3134
3095
3089
3140
3133
3140
3156
3101
3195
3218
3169
3124
3126
3119
3200
3172
3144
3142
3143
3186
3137
3208
3118
3162
3163
3180
3146
3189
3118
3152
3100
3164
3094
3238
3208
3144
3114
3127
3137
3192
3114
3079
3124
3093
3072
3111
3151
3106
3154
3123
3086
3159
3103
3136
3179
3244
3207
3124
3182
3136
3124
3176
3136
3106
3178
3153
3153
3144
3101
3113
3094
3109
3068
3140
3044
3080
3115
3087
3072
3108
3196
3052
3124
3163
3081
3091
3116
3073
3158
3138
3120
3078
3082
3095
3112
3015
3108
3045
3122
3108
3180
3130
3159
3128
3123
3150
3111
3103
3170
3132
3091
3132
3111
3142
3179
3126
3121
3094
3191
3124
3101
3092
3079
3085
3037
3060
3054
3106
3075
3106
3122
3094
3086
3133
3040
3071
3056
3076
3106
3066
3028
3034
3056
3080
3070
3107
3080
3104
3101
2965
3036
3060
3013
3071
3078
3052
3052
3014
3058
3122
3012
2993
3015
3050
3057
3036
3141
3027
2974
3039
3022
3100
3020
3012
3045
3055
3000
3091
3079
3023
3085
3040
2990
2982
3044
3047
3011
3077
2998
3097
2982
3002
2960
2982
2958
2982
3055
3013
3007
2981
2974
3082
3039
2983
2993
3069
2967
2973
2983
3024
3058
2952
3004
2913
2964
2977
2976
2982
3041
3014
2972
2968
2925
2981
2960
3022
2909
2970
3034
2948
3012
2982
2978
2956
3002
3040
2958
3031
2951
2990
2928
2943
3020
3001
2932
3067
3037
2998
2937
2970
3047
3066
3035
2938
2928
2999
2972
3002
2968
2997
2900
2955
2960
2960
2900
3015
3006
3068
3060
3085
3094
3136
3149
3160
3122
3220
3254
3288
3229
3252
3289
3306
3355
3361
3358
3362
3333
3370
3408
3351
3320
3457
3365
3373
3444
3421
3497
3504
3440
3371
3423
3386
3393
3340
3424
3364
3367
3342
3329
3352
3413
3355
3313
3339
3294
3322
3322
3360
3354
3297
3264
3252
3272
3268
3222
3274
3186
3232
3142
3200
3165
3200
3102
3144
3172
3127
3098
3035
2994
3021
2994
3009
2951
2994
2990
3012
2931
2969
2931
2872
2935
2881
2958
2895
2891
2925
2867
2878
2870
2827
2889
2871
2792
2836
2818
2792
2769
2826
2819
2785
2789
2880
2860
2840
2804
2886
2862
2917
2964
2964
2901
2916
2938
2927
2979
2989
2935
2984
2982
2998
2970
2995
3090
3073
3060
3062
3071
3012
3078
3023
3014
3003
3112
3028
3083
3032
3076
3042
3067
3074
3110
3134
3133
3102
3114
3162
3078
3069
3074
3078
3115
3061
3065
3077
3129
3067
3069
3067
3051
3104
3094
3016
3002
3061
3048
2981
3056
3003
3013
3004
2983
3104
2981
3027
2987
2990
2985
2981
2953
3025
2945
2975
2948
2999
2941
2957
2932
2997
2914
3000
2961
2914
2905
2894
2894
2836
2864
2873
2865
2833
2830
2826
2834
2888
2821
2826
2834
2908
2778
2797
2847
2844
2732
2746
2724
2744
2722
2713
2721
2723
2649
2726
2742
2675
2685
2628
2607
2632
2581
2600
2598
2602
2612
2560
2618
2604
2524
2546
2542
2549
2606
2480
2538
2486
2509
2452
2542
2474
2493
2522
2502
2432
2429
2445
2398
2405
2434
2439
2411
2414
2484
2431
2446
2429
2353
2333
2372
2397
2360
2421
2414
2409
2406
2346
2315
2355
2286
2374
2292
2330
2344
2321
2316
2286
2309
2232
2267
2223
2267
2312
2266
2215
2258
2280
2221
2280
2194
2167
2146
2221
2164
2181
2144
2133
2109
2099
2096
2064
2112
2102
2058
2056
2019
2034
2080
2043
2010
2015
2016
2039
1944
2006
2002
2006
1965
1970
1926
1884
1902
1934
1960
1931
1885
1866
1868
1851
1837
1869
1827
1881
1893
1801
1853
1877
1826
1775
1823
1774
1845
1858
1781
1794
1795
1782
1675
1770
1759
1765
1723
1745
1720
1734
1704
1709
1717
1675
1635
1680
1702
1681
1673
1683
1664
1708
1730
1700
1679
1656
1600
1669
1680
1613
1660
1662
1695
1713
1610
1688
1743
1698
1718
1662
1720
1696
1752
1824
1754
1823
1814
1919
1838
1872
1895
1936
1949
2004
2047
2176
2178
2304
2348
2393
2365
2541
2504
2619
2487
2688
2714
2764
2816
2842
2928
2928
2989
2996
3011
3093
3147
3204
3161
3244
3233
3217
3220
3229
3270
3273
3360
3354
3304
3354
3348
3320
3323
3321
3296
3363
3382
3365
3339
3328
3355
3319
3352
3339
3319
3352
3353
3382
3359
3345
3242
3348
3398
3356
3235
3258
3330
3352
3263
3259
3355
3303
3363
3267
3302
3348
3305
3304
3374
3312
3349
3306
3304
3314
3328
3295
3269
3309
3324
3282
3334
3312
3396
3377
3397
3274
3355
3356
3387
3333
3328
3370
3384
3322
3348
3358
3368
3310
3384
3305
3348
3390
3344
3404
3344
3400
3474
3378
3393
3371
3376
3387
3390
3426
3430
3363
3328
3420
3346
3430
3408
3378
3418
3303
3342
3352
3381
3361
3379
3383
3304
3342
3273
3371
3301
3425
3355
3376
3302
3324
3345
3304
3302
3291
3396
3350
3318
3345
3316
3251
3329
3334
3351
3350
3239
3253
3321
3256
3303
3248
3305
3317
3328
3329
3270
3304
3324
3248
3324
3241
3312
3280
3304
3287
3278
3263
3260
3235
3252
3279
3328
3299
3288
3287
3257
3242
3218
3304
3298
3248
3258
3224
3204
3208
3218
3211
3128
3182
3271
3157
3182
3173
3209
3178
3218
3259
3218
3186
3166
3266
3223
3226
3209
3160
3218
3200
3185
3291
3212
3182
3231
3214
3240
3229
3140
3208
3250
3197
3235
3257
3184
3254
3156
3152
3118
3175
3142
3167
3112
3266
3186
3198
3188
3137
3127
3239
3244
3085
3195
3264
3264
3236
3188
3199
3227
3216
3165
3192
3213
3194
3206
3238
3171
3188
3275
3194
3194
3219
3314
3267
3277
3253
3272
3267
3325
3261
3292
3348
3193
3291
3202
3277
3244
3262
3318
3283
3269
3220
3187
3211
3246
3159
3148
3248
3199
3252
3255
3298
3304
3227
3203
3212
3196
3184
3254
3300
3212
3225
3321
3229
3338
3187
3245
3268
3292
3175
3299
3243
3292
3306
3194
3277
3293
3298
3210
3332
3320
3278
3304
3296
3283
3285
3392
3337
3272
3242
3297
3303
3319
3290
3246
3293
3233
3206
3316
3268
3238
3296
3316
3202
3248
3265
3277
3295
3389
3356
3354
3261
3286
3306
3256
3275
3338
3227
3291
3278
3287
3195
3350
3258
3264
3214
3267
3259
3344
3338
3283
3218
3372
3326
3313
3303
3291
3241
3375
3276
3275
3332
3303
3284
3392
3283
3258
3248
3358
3366
3358
3313
3371
3323
3290
3378
3358
3344
3294
3294
3355
3288
3318
3332
3312
3282
3327
3353
3261
3266
3405
3335
3261
3274
3290
3282
3399
3338
3294
3278
3265
3309
3312
3272
3234
3253
3315
3342
3290
3290
3237
3278
3255
3253
3338
3313
3284
3334
3313
3311
3322
3268
3265
3242
3284
3320
3334
3334
3236
3270
3319
3182
3282
3223
3248
3267
3229
3244
3211
3262
3312
3209
3282
3191
3237
3268
3323
3249
3217
3221
3322
3239
3229
3252
3267
3233
3230
3267
3253
3218
3225
3211
3262
3234
3250
3224
3210
3239
3298
3274
3258
3202
3293
3214
3224
3202
3262
3210
3240
3208
3175
3149
3246
3243
3220
3232
3241
3134
3242
3200
3186
3184
3216
3246
3189
3248
3226
3332
3314
3291
3334
3399
3415
3433
3515
3499
3492
3516
3551
3526
3557
3648
3632
3575
3648
3636
3645
3702
3747
3684
3684
3657
3698
3646
3740
3656
3684
3760
3671
3744
3729
3708
3676
3757
3716
3675
3654
3731
3776
3660
3696
3761
3759
3682
3767
3708
3731
3641
3678
3717
3679
3682
3684
3686
3698
3671
3700
3636
3661
3664
3670
3670
3694
3704
3698
3676
3630
3636
3658
3673
3626
3642
3660
3653
3634
3632
3596
3560
3617
3643
3665
3711
3618
3731
3656
3610
3632
3666
3637
3589
3586
3682
3588
3632
3675
3566
3639
3636
3627
3514
3592
3562
3562
3593
3527
3556
3566
3541
3597
3638
3549
3531
3530
3628
3543
3546
3516
3543
3539
3592
3589
3562
3600
3561
3530
3570
3568
3523
3583
3608
3607
3512
3519
3641
3529
3528
3532
3594
3518
3465
3489
3474
3483
3479
3470
3459
3475
3458
3479
3462
3470
3479
3443
3445
3560
3441
3500
3462
3446
3454
3468
3408
3504
3435
3456
3378
3469
3418
3508
3416
3475
3430
3409
3419
3381
3372
3374
3405
3383
3375
3363
3297
3390
3324
3346
3310
3388
3295
3318
3281
3291
3289
3321
3267
3277
3293
3344
3282
3268
3223
3216
3216
3250
3173
3208
3198
3229
3237
3217
3224
3175
3149
3202
3188
3159
3200
3183
3156
3127
3172
3141
3104
3161
3160
3149
3102
3160
3074
3150
3066
3089
3065
3077
3121
3086
3037
3132
3094
3042
3028
3010
3071
3080
3070
3033
3056
3034
3061
3000
3043
3048
3056
3054
3043
3007
3055
3000
3025
3030
3010
3006
3025
3043
3041
3083
2992
3026
2977
3097
2977
2974
2993
3042
3012
3033
3030
3047
2972
2977
3005
3056
3001
3024
3061
3008
3026
3075
3132
3145
3147
3073
3114
3104
3067
3059
3056
3076
3011
3060
3035
2968
2996
2948
2973
2883
2929
2906
2889
2936
2930
2926
2880
2853
2879
2828
2757
2836
2842
2727
2733
2768
2766
2712
2690
2684
2681
2744
2605
2600
2605
2667
2590
2539
2571
2533
2548
2527
2550
2489
2465
2401
2454
2396
2404
2488
2430
2376
2392
2299
2354
2307
2276
2268
2238
2245
2235
2285
2263
2206
2214
2141
2160
2156
2138
2129
2090
2031
2088
2002
1974
2010
1924
1901
1864
1919
1832
1911
1802
1802
1767
1771
1689
1785
1732
1734
1763
1685
1655
1622
1693
1639
1660
1583
1573
1574
1557
1574
1582
1551
1486
1559
1413
1476
1462
1467
1425
1483
1442
1374
1356
1358
1323
1409
1348
1348
1328
1285
1265
1224
1212
1243
1176
1142
1246
1199
1212
1259
1183
1298
1242
1248
1137
1163
1197
1164
1166
1143
1174
1113
1004
1081
1173
1055
962
1010
950
981
962
983
904
954
919
931
964
1056
864
929
847
875
838
854
810
789
796
795
796
739
765
724
774
735
742
835
761
922
954
987
1034
1119
1133
1257
1268
1314
1415
1351
1544
1600
1599
1615
1658
1694
1751
1693
1819
1856
1874
1877
1945
1939
2032
2040
2042
2086
2062
2136
2165
2239
2318
2287
2421
2396
2485
2462
2427
2480
2556
2430
2492
2478
2554
2551
2488
2495
2567
2507
2667
2522
2609
2615
2599
2615
2594
2670
2698
2667
2655
2681
2779
2805
2727
2780
2825
2793
2873
2842
2890
2957
2923
2881
2860
2955
3002
3004
2993
2943
3002
2987
3084
3014
3007
2918
2995
2891
2923
2946
3001
2971
3010
2935
2923
2988
3109
2999
3016
3084
3057
3047
3050
3084
3042
3139
3106
3068
3164
3104
3169
3223
3208
3200
3192
3276
3210
3180
3232
3280
3170
3278
3242
3230
3217
3250
3240
3260
3171
3221
3228
3196
3107
3296
3214
3221
3238
3249
3345
3300
3266
3280
3293
3293
3299
3324
3260
3304
3347
3360
3329
3373
3274
3290
3350
3393
3330
3356
3328
3243
3333
3359
3262
3284
3263
3358
3288
3334
3325
3312
3346
3411
3396
3365
3405
3381
3397
3415
3361
3424
3365
3371
3343
3364
3408
3463
3450
3326
3431
3330
3341
3323
3396
3448
3340
3391
3395
3387
3366
3408
3472
3388
3342
3374
3394
3451
3404
3494
3443
3432
3409
3404
3472
3432
3487
3426
3442
3412
3464
3425
3495
3467
3417
3448
3444
3408
3491
3392
3412
3463
3500
3418
3474
3428
3468
3534
3500
3469
3441
3409
3485
3397
3481
3414
3446
3458
3412
3396
3410
3488
3439
3435
3465
3406
3429
3438
3452
3435
3445
3468
3501
3422
3436
3474
3444
3428
3467
3460
3410
3474
3413
3511
3458
3495
3448
3533
3444
3450
3488
3484
3520
3468
3408
3442
3474
3448
3472
3504
3488
3480
3545
3490
3581
3475
3514
3487
3540
3502
3497
3432
3474
3542
3495
3424
3484
3519
3567
3464
3532
3433
3449
3506
3419
3442
3413
3408
3505
3419
3460
3460
3434
3442
3483
3514
3408
3376
3444
3435
3359
3451
3375
3466
3456
3506
3416
3424
3434
3393
3535
3449
3499
3483
3448
3402
3418
3432
3454
3436
3434
3469
3415
3381
3412
3456
3518
3413
3373
3418
3384
3404
3429
3438
3364
3416
3397
3383
3387
3386
3442
3431
3442
3432
3406
3429
3355
3370
3387
3369
3410
3375
3423
3371
3390
3454
3379
3440
3386
3373
3459
3374
3412
3401
3385
3337
3453
3430
3397
3378
3426
3420
3421
3371
3388
3410
3353
3399
3398
3407
3422
3379
3424
3392
3384
3403
3358
3363
3344
3352
3400
3376
3367
3431
3416
3360
3472
3440
3449
3427
3426
3366
3444
3418
3472
3453
3424
3421
3468
3436
3466
3504
3438
3462
3472
3466
3424
3459
3397
3416
3423
3428
3422
3403
3430
3413
3473
3427
3470
3429
3413
3472
3485
3447
3507
3533
3505
3524
3492
3475
3540
3598
3567
3476
3583
3520
3538
3494
3440
3519
3453
3540
3542
3467
3449
3480
3450
3467
3456
3441
3462
3423
3494
3501
3520
3417
3434
3433
3444
3435
3465
3442
3451
3422
3415
3440
3498
3405
3496
3468
3419
3437
3464
3454
3393
3416
3514
3464
3504
3490
3462
3411
3392
3449
3407
3425
3468
3413
3508
3425
3457
3431
3456
3373
3400
3451
3348
3360
3420
3395
3399
3374
3367
3349
3368
3413
3395
3340
3336
3364
3383
3349
3387
3346
3355
3374
3408
3437
3412
3344
3386
3440
3374
3328
3363
3345
3346
3323
3390
3370
3364
3392
3351
3336
3359
3302
3368
3350
3317
3389
3380
3373
3345
3305
3304
3286
3367
3290
3344
3301
3352
3345
3421
3392
3371
3400
3389
3388
3479
3393
3460
3472
3507
3507
3548
3527
3543
3574
3631
3570
3603
3585
3724
3717
3715
3642
3704
3656
3691
3710
3780
3745
3765
3721
3687
3734
3742
3755
3802
3690
3738
3745
3770
3760
3782
3781
3816
3819
3763
3768
3773
3779
3774
3812
3828
3762
3744
3762
3733
3806
3741
3745
3770
3719
3748
3753
3735
3768
3798
3741
3827
3744
3790
3718
3836
3757
3833
3801
3789
3823
3758
3875
3803
3691
3704
3703
3780
3772
3674
3738
3758
3715
3772
3688
3784
3693
3784
3714
3628
3730
3678
3716
3711
3683
3732
3714
3748
3624
3773
3685
3708
3552
3769
3686
3700
3815
3742
3692
3771
3695
3757
3675
3691
3662
3639
3684
3692
3682
3716
3629
3609
3607
3650
3715
3575
3557
3586
3640
3622
3661
3584
3650
3583
3591
3596
3591
3662
3586
3588
3687
3612
3571
3646
3606
3583
3640
3557
3628
3632
3496
3624
3636
3571
3509
3547
3572
3502
3588
3578
3606
3547
3517
3554
3584
3598
3548
3576
3620
3655
3571
3542
3555
3551
3601
3562
3573
3506
3594
3495
3600
3573
3464
3572
3531
3437
3535
3509
3525
3517
3605
3440
3534
3502
3509
3523
3551
3498
3488
3431
3464
3436
3473
3418
3468
3475
3419
3413
3352
3373
3433
3431
3387
3312
3383
3347
3315
3479
3297
3272
3347
3325
3235
3280
3310
3248
3234
3289
3319
3217
3173
3295
3323
3278
3244
3218
3255
3202
3218
3256
3134
3154
3209
3238
3145
3136
3042
3051
3066
3027
3070
3046
2948
2896
2848
2950
2952
2912
2852
2839
2781
2778
2715
2725
2639
2629
2647
2616
2574
2567
2548
2504
2442
2476
2467
2431
2352
2348
2338
2343
2315
2343
2382
2362
2240
2190
2188
2166
2117
2148
2088
2137
2045
2001
2028
1946
1911
1942
1972
1940
1907
1915
1929
1921
1780
1808
1825
1788
1715
1779
1726
1671
1721
1681
1696
1632
1630
1657
1609
1531
1515
1554
1545
1414
1468
1428
1433
1390
1472
1447
1397
1342
1399
1353
1286
1322
1284
1200
1250
1213
1185
1094
1244
1126
1123
1071
1097
1150
1107
1063
1070
1039
1130
1063
1002
1111
1021
1022
937
949
1062
999
971
919
1030
960
946
939
881
952
962
892
931
869
861
816
852
775
816
753
782
739
793
698
796
692
708
714
728
698
712
692
677
701
626
704
643
694
690
637
589
603
602
545
525
592
525
526
536
523
550
499
491
502
491
458
483
498
432
476
526
479
441
425
415
486
583
474
622
588
615
698
720
697
744
747
849
829
860
998
1022
1026
1081
1118
1210
1233
1262
1293
1306
1410
1396
1430
1453
1507
1508
1552
1586
1682
1675
1714
1699
1754
1772
1780
1810
1810
1848
1868
1822
1947
1919
1943
1905
1943
1924
1958
2011
1936
2018
2018
2064
2026
2059
2034
2047
2000
2070
2112
2074
2081
2087
2101
2107
2165
2155
2164
2204
2190
2243
2210
2228
2192
2275
2341
2268
2310
2424
2415
2412
2424
2519
2472
2538
2554
2594
2569
2630
2690
2731
2745
2738
2645
2704
Channel 1 Data:
1624
2476
1367
2287
1711
2220
1890
1262
1398
1681
1244
1073
1362
1696
1175
1434
1668
1173
866
1674
1241
1829
1771
1836
1375
2395
1462
997
1702
2197
1831
2270
1126
1088
1324
1668
1617
1930
1139
1780
2048
2043
847
1675
1826
1291
295
1460
1998
1276
895
1097
1640
2450
2300
1613
1655
1196
1668
1619
1092
975
1504
2002
1060
1627
1888
1091
1759
631
1436
1558
1349
852
1725
1041
1654
1270
1415
1811
1607
1027
2268
1317
1906
1967
1198
1779
1747
1143
1894
1899
1221
1356
1182
567
1245
2165
1286
1073
2308
2213
1501
1627
945
1116
974
1878
1396
1237
1039
1885
2520
1162
1712
1587
1426
1333
1430
1289
2212
1072
1935
601
568
1640
1500
1949
832
1472
1155
1291
958
1480
1826
1574
1359
1290
1262
1135
1608
1387
794
927
587
1360
976
642
1577
1735
1203
1820
1316
1177
1530
1847
982
1428
874
2384
936
2291
778
2248
1070
906
827
1254
1290
1395
1509
1140
1816
1220
2419
1552
110
1639
74
930
884
1308
1502
1489
877
1328
1253
1243
1176
1327
778
841
1405
1213
1547
975
1516
1328
1135
1557
1112
1262
1335
1885
588
1442
1806
1190
1530
1090
533
2078
1751
1653
1558
1020
1553
1054
1491
789
1364
1314
1352
999
1024
1144
1343
715
1492
866
1842
2304
1062
1078
1308
1692
1468
1535
906
1040
1094
1132
1538
1074
1591
1328
1117
1083
1287
1458
1105
901
1989
1388
1607
1735
1562
1007
1817
1682
1239
1282
1704
1603
1561
786
1118
1284
1605
1288
920
1034
989
1204
1712
1482
800
1660
1091
1130
1440
845
1312
1362
1383
1037
1659
1298
999
1427
1696
1284
447
2173
1065
1299
1258
1238
1180
1063
1673
1402
1163
1284
1192
1239
943
940
616
1210
1289
1349
630
1457
986
1586
1649
1478
981
768
1635
941
832
1158
1515
1315
937
983
1736
1238
1448
894
1711
904
1534
1257
1006
1375
625
273
1696
1495
1556
704
1077
1055
753
958
953
647
1220
1278
1020
1379
1054
1350
1734
492
774
1099
1012
1424
1496
1646
1047
844
1270
1059
1560
1271
1077
1411
1994
1033
1240
1151
702
1192
1215
1128
1364
1125
992
1237
1130
811
1917
1147
1472
944
1042
645
1320
1442
1330
1535
1334
834
1444
1444
1411
1332
1687
1349
1163
1151
1904
1352
974
1377
612
939
915
944
1264
926
1649
1060
988
755
1163
1352
1455
631
1337
1066
1238
1417
1674
1340
1179
1504
1540
1429
1645
1144
646
794
904
1458
1527
1154
1763
1541
866
1042
1277
1373
1768
1159
1179
1479
1413
1484
1761
1144
1142
557
1516
1115
1712
927
1751
1104
1583
1260
1476
1045
1410
946
1780
1244
1095
1287
2098
1217
1544
1283
1806
997
1324
1297
1880
1269
1015
1432
1781
1123
1926
1061
1753
1101
1473
1431
1871
1444
1255
1428
1793
1533
971
1330
1449
1324
1529
1311
1141
1719
1925
1424
1558
1302
1736
1594
1590
1170
1437
1718
1353
1445
1875
1286
2067
1255
1438
1070
1508
1330
1648
1209
1994
1466
1399
1571
1439
1405
1949
1542
1926
1663
1883
1575
1807
1677
1723
1562
1566
1503
1425
1672
1550
1772
1795
1356
2181
1944
1648
1757
2062
1622
1712
1820
1849
1611
1980
1712
1728
1576
1802
1643
1742
1638
1911
1955
2107
1981
1714
1630
1577
1643
1901
1775
1798
1641
1931
1791
2151
1497
1797
1714
1895
1684
1877
1620
1557
1802
1856
1759
1717
1770
1887
1760
1519
1788
1889
1731
1808
1531
2200
1601
2024
1984
1869
1824
2328
1803
2022
2011
1621
2166
2206
1932
2096
1872
2119
1778
2298
1924
1891
1815
2328
1867
1900
1901
1832
1879
1886
1802
2530
1924
2410
2156
2012
2010
2355
1876
1979
1957
2568
1808
2583
1834
2251
1912
2660
2039
2556
1904
2295
1826
1624
1907
1910
1931
2495
1938
2118
1840
1626
1763
2571
1853
2240
2010
2562
1899
2366
1931
2288
2145
1846
1746
2552
2224
2097
1868
1922
1845
2490
2063
1970
2082
2122
1967
2625
2040
2223
1669
2220
2046
2390
1734
2488
2381
3120
2016
2698
2159
2299
1861
1982
2069
2340
1843
2082
2036
2578
2035
1879
1959
2470
1736
2264
2046
2542
2101
2176
2172
2545
1995
2058
2009
1913
1874
2252
2028
2235
2162
2671
2044
2085
1952
2455
1805
2822
1734
2194
1856
2207
2256
2275
2399
2075
2195
2647
2195
2706
1906
2636
1916
2826
1834
2934
2061
1708
1686
2885
2051
1905
2405
2552
2053
2522
2240
2186
2212
2318
2460
2535
1818
2351
2649
2263
2205
2357
2456
2942
2236
2057
2345
1849
2414
2318
2062
1955
2208
2761
2475
2240
1943
2318
1878
1058
1693
2511
1845
2967
2203
1967
2290
2100
1951
2034
2127
2271
3033
2624
2274
2629
3344
2190
1579
2663
2516
2693
2335
2499
2592
2537
2131
2285
1899
1525
2042
2104
2312
2628
2366
2766
2190
2604
2446
2917
2574
2337
1625
2723
2419
1627
2788
1815
2630
3063
1667
2458
2056
2431
2612
1992
2460
2275
1827
2587
1979
2357
2630
3176
2233
1916
1842
2143
2304
1952
1754
2155
2064
2800
2657
2591
1373
2453
1849
2526
1275
2883
2532
2290
1848
2690
2672
1974
2575
2422
2088
2131
1911
3445
2061
2684
2772
2696
1805
1940
2246
2746
2852
2174
1716
1698
2029
2199
2318
2271
1755
2346
2402
1781
2158
2352
2050
2262
2780
2047
1614
2411
2278
2246
1683
1676
1325
2367
3015
1725
1348
1586
2304
2606
2035
1390
2005
2073
2084
1689
1922
2020
2261
2141
2388
1749
2083
1836
1812
2003
1870
2135
1491
1808
1895
1737
1907
1286
1628
1941
1959
797
1682
2018
1696
1197
1424
2167
1267
1783
1814
1356
1381
1182
2016
750
1574
1526
1474
2107
1852
2036
2058
1880
2147
1573
1641
1203
1584
1992
1261
1048
985
2091
1648
1935
1941
1627
1830
1343
1949
1595
1856
1739
1880
1560
1586
1683
982
1690
1269
1862
1808
1519
1553
1776
2160
1325
1326
1884
2358
1667
1819
2406
847
1394
1077
2118
1714
2151
1209
1218
2119
1402
1156
1181
1899
2003
1416
2300
1430
1170
1973
1478
1791
1134
1165
1872
1645
1367
1605
1721
1564
1277
1987
2433
2697
1674
1110
1327
1779
1558
1016
2425
1419
1152
1088
1126
1312
1716
1280
1071
672
1369
2534
1198
972
910
1610
1176
608
1563
1618
1097
1070
1290
1528
1098
1257
678
1740
191
1050
1831
1285
1243
1706
1776
1555
1689
928
1671
1765
2011
1643
1183
1285
1304
1201
959
740
1384
935
1035
527
1362
1472
933
1334
384
52
983
1489
0
980
1942
1171
1406
1524
1822
1616
1664
1000
1188
1045
772
169
1089
661
1061
2496
1439
926
968
1728
1495
1496
1537
1230
1335
1595
1943
1355
2996
806
2426
993
1111
1104
1609
1277
1264
1888
1122
998
881
2013
757
480
1551
1391
880
767
1635
2636
1459
1415
1296
932
451
1688
1323
1114
1403
2192
1498
1773
935
1325
1542
1283
553
1297
868
1314
1216
484
1453
1405
973
0
1154
828
1288
1792
836
1293
1098
2053
1826
1414
1028
1055
1983
1519
975
1083
1614
1030
683
1241
1266
1099
1077
1278
628
1045
1102
1130
1588
2344
1583
1664
788
859
1412
1053
1061
1739
709
1244
996
1171
123
1474
827
906
338
771
1073
1625
1747
1081
762
1415
1251
1812
1276
943
1346
1717
1350
1375
1269
1198
1019
1943
909
540
903
1730
1024
1060
1451
1769
1230
798
1387
778
1203
774
703
1774
1035
1169
1153
1363
1010
1737
1483
666
1303
1639
852
519
193
1157
1191
1811
1593
1221
1246
653
1347
1611
750
521
340
941
969
1360
1514
1272
1088
1042
988
1426
1330
1363
1349
1547
1532
1446
1092
1058
932
954
1252
1010
1124
987
843
1388
735
878
1415
787
1279
1617
1208
1144
1521
1456
1040
1073
788
1058
970
1494
895
635
964
1370
939
1498
1003
1461
904
1068
1355
1116
1227
866
1096
1550
1021
1601
1164
1389
1274
1709
1106
1163
1087
1198
507
1264
1146
1405
1402
1734
949
895
827
1912
1347
1645
1028
1368
931
1611
1055
1050
1256
1521
1360
1610
1102
1033
1209
1307
1092
1146
1232
1601
1198
1531
1171
1308
1319
1361
1098
1211
1346
1571
1134
1778
1264
1311
1280
1623
1058
1179
892
1682
1200
1320
1042
1360
1326
1627
1465
1411
1762
1524
1526
1734
1744
1369
1503
1815
1562
1065
1743
1542
1375
1496
1487
1473
1351
1639
1639
1716
1384
1883
1625
1811
1176
2049
1450
1618
1527
1651
1661
1653
1765
2043
1740
1442
1162
1653
1720
1544
1569
1918
1440
1964
1717
1596
1333
1666
1855
1650
1630
1475
1883
2136
1620
1744
2001
1915
1694
1586
1688
1765
1984
1683
1717
1490
1791
1976
1483
1626
1654
2050
1829
1750
1692
1873
1439
2004
1747
1714
1713
1892
1939
2075
1790
1627
1705
1915
2044
1637
1531
2103
1799
1882
1797
1899
1937
2120
1994
2123
1823
1770
2093
1767
1671
1941
2245
2142
1580
1934
2076
2028
1906
2171
1912
2204
2005
1810
1631
2300
2141
1783
1606
2022
1721
2040
1598
2123
1849
2120
1772
2165
1834
2268
1683
2481
2022
2275
1763
2760
1961
2131
1695
1619
1696
1616
2171
2363
2090
2446
2060
2538
1881
2002
1704
2356
1566
2140
1510
1885
1902
2288
1854
2140
1860
2554
2027
1978
2208
1981
1937
2070
1579
2050
1970
2320
1950
2086
2010
2328
1863
2800
2067
2344
2002
2779
1902
2526
2253
2815
1803
2424
2164
2101
1691
2339
1870
2436
1926
2232
1941
1968
2057
2003
1988
1893
2171
1787
1919
1766
2124
2657
2151
2058
2251
2422
2088
2129
2064
2590
2130
2776
2073
2130
2382
2062
2072
1800
2096
2514
1968
2148
2136
2628
2028
2453
1977
2768
2161
2177
2019
1680
2230
2612
2519
2643
1657
2325
2006
2619
2110
2038
2064
2550
1825
2733
2337
2971
2104
2005
1994
2176
2268
2498
2423
2263
1767
2497
2732
2196
2218
2162
2296
1783
2582
2086
2407
2459
2387
2429
2336
2546
1841
1956
1728
2580
2216
1855
2108
1935
2480
2195
1987
2560
2155
3819
2232
2141
2050
2876
2556
2301
1811
1870
2312
2419
2463
3070
1799
2084
2507
2389
1879
2813
2046
2920
2080
2124
2941
2694
2407
2138
2566
2447
1889
2590
2888
2740
2069
2195
1940
2477
1902
3369
2539
2120
2144
2484
2344
2726
2049
2418
1629
2361
1856
2562
2176
2415
2090
1913
1362
2440
2010
2353
2600
2583
2387
1845
2596
1651
2381
2254
1951
2880
2085
2706
2685
2832
2236
2571
1976
2232
1971
1974
2197
2602
2381
2790
3066
2423
1733
2510
2418
2904
1547
2768
1869
2188
1920
1965
811
1689
2216
2419
2594
2470
1954
3228
2031
2648
1953
2462
2418
2565
2640
2366
2795
2304
1726
2366
3719
2365
1425
2153
2113
2378
2301
2461
1919
2205
2374
2754
2534
4001
1664
3261
2069
1617
2552
2972
2005
2141
1768
2154
2530
1707
1797
2291
2247
1712
1170
2697
820
2412
2633
2643
1982
2326
1895
2841
2529
1878
2248
901
2877
3092
2024
1857
2343
2381
2218
1121
1732
2536
2499
1993
2600
1613
2430
1742
1109
2842
1849
1954
1936
2398
1765
1595
3560
2300
2149
2043
1923
2781
2236
1139
1785
2010
1999
2032
1206
1331
1715
1517
2131
1214
1701
2193
1916
1873
1026
1786
1826
1495
1136
2156
2855
2358
1843
1540
1683
1542
2075
2145
1674
2211
1452
1698
808
1878
1468
2504
1066
965
2096
1407
2280
1482
1811
919
2642
1119
1698
1915
2676
1643
1900
1520
685
1244
2862
1491
845
1631
1601
1617
1651
1368
1081
1777
1055
909
2276
1278
1827
2492
1899
1344
1722
1956
1420
1218
1877
2124
737
1932
1863
1137
1256
1301
1874
1212
861
1966
1925
1342
567
1676
1414
1204
1497
1964
2244
1941
1510
1360
1398
1738
1662
2196
1074
1870
1712
1867
1946
2138
1538
1919
1029
1652
1127
1068
1691
860
659
1939
792
1006
779
1079
1123
798
1889
1442
1546
1216
2079
1723
2011
653
2228
2018
1524
1564
1462
1979
1811
1420
2047
1663
1595
745
1814
1117
931
1599
1649
2158
907
1048
2147
1720
1014
1307
1559
1315
734
1180
1186
1559
1387
1532
1639
909
985
1479
1872
564
1325
1174
1056
877
2283
927
1211
1069
901
448
1220
966
1735
377
867
1230
2071
1083
1139
1043
1286
1778
1538
1069
1261
1567
2047
1137
1634
944
1368
1121
961
985
1216
1575
1458
1622
1890
948
1385
1113
1732
1387
1323
1441
1783
1081
1308
1641
1873
1252
1987
1196
1160
1294
728
1162
1538
1432
1494
1237
1392
1130
1340
1196
1223
890
442
1485
1062
1107
959
1399
1266
1180
1083
1105
1399
942
861
1308
1735
1058
1264
655
1189
1097
1258
849
1449
1456
1543
1084
1367
1307
1067
1642
1614
1094
1040
965
1592
842
1234
1569
940
1271
1507
1183
523
1401
1782
1092
123
1326
358
1140
1513
1284
1396
1354
884
912
1358
1502
1172
1585
1569
1166
1201
1358
1292
1265
1353
857
1068
790
1221
1069
1510
1193
869
1208
805
1220
1730
1067
1432
1216
1505
1280
1589
916
1390
1121
1452
1414
1289
1101
942
1216
1198
959
1409
1110
900
1145
1478
1543
1054
1287
893
1112
1605
1159
1234
980
1498
990
1065
1253
1524
1050
1432
1076
1208
885
1235
1205
847
1030
1099
824
1114
1111
997
1227
1369
1347
1199
1312
1286
1145
1460
1204
1225
838
1657
956
1420
1264
1064
1213
1116
1009
1400
1034
1431
1007
1119
1053
1033
1149
1642
1166
965
1124
1275
1209
1168
1318
970
1124
1135
833
1190
1137
1406
1171
1493
1108
1190
1034
1241
1220
1399
1113
1211
1152
1390
1469
1612
829
1426
1380
1348
1006
1510
1155
1261
889
1005
1319
1222
1202
1358
883
883
1019
1186
1080
1261
1242
1166
1159
1119
1072
1476
884
956
826
1349
1067
1656
1405
1264
1009
1104
1174
1340
1238
1769
1372
1296
1095
1122
1159
1072
1147
1758
1097
1507
1605
1518
923
1074
1098
923
1324
1659
1304
1783
1117
1129
1094
1638
1029
1241
1260
1055
1034
1827
1240
1756
1222
1186
1105
1645
1296
1696
1041
1083
1025
1747
1119
1377
1144
1530
1294
1536
1250
1761
1248
1195
1206
1017
1034
1501
1206
939
1072
1076
1075
1737
1156
1123
1078
1848
1130
1319
1282
1593
918
1887
1082
1885
1187
1365
1171
2128
986
1306
1237
1941
1264
1425
1186
1524
1473
1519
1367
1848
1173
1682
1480
1605
901
1748
1278
1411
1438
1928
1385
1605
1080
1546
1622
1535
1282
1268
1112
1590
1443
1652
1387
1986
1263
1261
1203
2124
1196
2458
1432
1769
1425
1688
1744
2000
1873
1713
2310
1235
1630
1484
1416
1364
1165
1621
1771
1722
1485
1737
1922
1218
1874
1561
1584
1755
1085
1364
1749
2419
1673
2196
1783
2266
1253
1821
1355
1812
2444
1910
1962
1957
2414
1614
1323
1501
1864
2231
2013
1708
1686
2150
1853
2004
1660
2058
1486
2356
1646
676
2105
2377
1787
1876
2075
1542
1666
2097
1303
2112
2170
2351
0
2274
1824
2537
3367
2156
1780
2356
1931
2431
1577
2051
2146
1673
2125
2217
1467
3288
1601
1861
1329
1405
2226
1971
1135
1600
2451
1546
2157
2253
2914
853
1621
2264
2163
2648
2041
2068
3424
2070
2480
2695
2464
2293
2061
1941
2264
2051
1645
2499
2030
1582
1562
1929
2220
1319
2441
1781
2164
1906
1632
1550
1955
2492
2546
2108
2534
2586
1834
2424
2052
2587
2212
2252
2098
2072
1970
1904
2026
2281
1404
2929
1950
937
1671
2100
2110
1833
2510
1364
2724
1716
2304
2410
3136
2130
2946
1897
1681
1685
2848
2442
1730
2042
2038
2011
2011
2215
1850
2467
1968
1424
1773
2025
2226
3706
1984
1649
2247
2960
1577
1934
2308
2473
1504
2698
2521
1980
1405
2620
2309
2360
1114
1991
2614
2347
1942
2832
1724
2338
2185
2652
2319
2276
2125
1935
2815
2688
2566
2592
1733
1785
1863
3394
2780
2704
1731
2460
1874
2540
2020
1970
1979
2061
1888
2129
1895
2272
2230
2502
1315
1666
2242
2040
1631
1690
2146
2441
2202
1634
3078
3656
2339
2137
2726
2491
1802
2553
2438
1925
2047
1850
2769
1903
1131
2042
2712
2197
854
1966
2583
2667
2056
2083
2101
1865
1514
2258
2539
2111
2464
2378
1822
1797
2412
2862
2148
1636
2139
2479
2727
1538
2744
1906
2064
1711
2306
2896
2392
2289
3024
1906
2054
2292
3066
1944
2203
2243
2304
1448
2775
1702
2528
2010
2007
2317
2366
1558
2312
1759
2082
1975
2003
3027
1968
2521
1330
2043
3067
2540
2312
1652
3358
1885
2627
2349
2068
2207
2594
2348
2677
2525
2506
1859
2549
1316
2067
1935
2214
1075
1974
2122
2522
1768
1937
2133
1572
2183
2160
2030
2219
2033
2198
2375
1947
2147
3074
2512
1567
1714
3307
2118
1458
2091
2501
1926
2105
1824
2433
1421
2011
2296
2024
1660
2134
2478
1856
1254
2503
1883
1856
1616
1819
1758
2662
1366
2688
2348
1576
2209
1914
2131
1640
1692
1919
1879
1564
2366
2454
2516
2469
1855
2263
1580
2035
2464
1683
1618
1830
2116
2428
2602
1591
2067
1438
2142
2212
2266
1880
1761
1669
1743
1898
1852
1615
1572
1845
2492
2391
1765
1547
1703
1650
1806
1595
1456
1930
2161
1714
1980
2444
1873
1971
1879
1811
1466
2133
1392
1381
1751
1875
1646
2400
1610
1955
1968
2582
1864
1806
1196
1819
1424
1493
1231
1757
1752
1417
1363
1357
1295
1402
1265
1959
681
1295
1130
1968
1348
1735
1311
1943
