Starting data capturing
Starting data capturing
Channel 0 Data:
3691
3688
3749
3747
3796
3748
3808
3775
3719
3746
3775
3758
3741
3754
3747
3732
3716
3714
3754
3693
3705
3739
3659
3682
3712
3682
3654
3636
3707
3653
3655
3658
3646
3707
3586
3618
3654
3686
3606
3632
3661
3670
3682
3652
3594
3597
3650
3619
3635
3612
3577
3570
3569
3566
3586
3617
3614
3626
3650
3570
3597
3566
3579
3616
3556
3630
3532
3546
3591
3578
3549
3595
3534
3550
3596
3529
3559
3569
3532
3532
3607
3483
3527
3528
3563
3499
3496
3580
3505
3552
3502
3491
3537
3498
3514
3486
3515
3523
3548
3500
3536
3583
3578
3560
3581
3555
3522
3499
3582
3527
3508
3480
3500
3513
3519
3549
3457
3470
3535
3468
3551
3553
3494
3441
3464
3525
3483
3434
3476
3464
3512
3433
3468
3424
3468
3416
3428
3408
3508
3502
3467
3462
3460
3473
3467
3482
3518
3388
3485
3460
3448
3408
3415
3445
3441
3380
3372
3443
3461
3382
3367
3476
3486
3428
3356
3404
3436
3426
3442
3431
3398
3374
3432
3390
3456
3461
3443
3468
3408
3373
3460
3435
3408
3425
3470
3394
3448
3413
3376
3362
3434
3390
3424
3347
3362
3348
3420
3400
3429
3378
3429
3359
3361
3398
3446
3385
3409
3453
3411
3387
3402
3378
3409
3439
3410
3440
3508
3382
3418
3384
3396
3398
3488
3385
3434
3436
3400
3385
3507
3482
3418
3422
3369
3365
3435
3396
3372
3414
3493
3368
3405
3424
3346
3336
3403
3418
3378
3350
3402
3338
3320
3419
3407
3369
3394
3378
3354
3419
3399
3397
3394
3377
3376
3410
3373
3358
3521
3419
3416
3371
3330
3403
3489
3387
3450
3359
3405
3353
3352
3392
3413
3334
3399
3464
3382
3399
3442
3413
3436
3443
3432
3505
3461
3437
3519
3467
3405
3461
3545
3402
3474
3432
3430
3492
3457
3423
3430
3415
3478
3454
3470
3373
3482
3388
3389
3363
3448
3428
3411
3363
3409
3432
3392
3382
3469
3427
3414
3344
3396
3418
3403
3337
3401
3358
3351
3337
3335
3349
3315
3397
3410
3374
3353
3278
3344
3376
3428
3293
3424
3322
3348
3398
3395
3282
3392
3384
3330
3355
3308
3397
3208
3336
3297
3376
3304
3306
3356
3335
3298
3379
3306
3359
3365
3366
3302
3344
3406
3480
3396
3383
3376
3296
3352
3392
3402
3362
3473
3356
3348
3337
3434
3314
3415
3319
3405
3334
3314
3345
3400
3346
3337
3345
3386
3290
3354
3338
3357
3289
3355
3408
3304
3330
3362
3294
3310
3313
3298
3353
3322
3271
3182
3318
3280
3272
3313
3284
3278
3264
3347
3355
3301
3389
3330
3446
3372
3378
3349
3388
3482
3331
3360
3357
3388
3450
3451
3430
3452
3342
3371
3331
3382
3383
3422
3448
3486
3532
3416
3467
3424
3511
3578
3508
3516
3467
3557
3569
3568
3453
3474
3573
3497
3444
3558
3585
3616
3683
3717
3613
3654
3668
3682
3668
3655
3678
3696
3720
3668
3729
3723
3725
3724
3787
3812
3725
3730
3776
3751
3849
3744
3826
3748
3828
3788
3796
3806
3811
3765
3765
3912
3844
3767
3931
3882
3965
3882
3972
3902
3981
3965
3837
3970
3979
3945
4021
3961
3948
3936
3967
3985
4014
3946
3958
3922
3963
3986
3929
3932
3980
4006
3898
3945
3933
3948
3870
3968
3902
3908
3940
3965
3983
3921
3890
3967
3914
3878
3952
3941
3944
3950
3931
3975
3987
3939
3916
3898
3974
3958
4021
3946
3973
3948
3990
4023
4023
3997
4025
4027
4030
4028
4031
4027
4030
4030
4026
4031
4031
4030
4030
4031
4030
4031
4033
4030
4030
4030
4031
4031
4032
4031
4031
4031
4031
4031
4031
4031
4032
4031
4031
4031
4031
4031
4031
4031
4032
4031
4032
4031
4031
4032
4031
4031
4031
4031
4031
4032
4031
4030
4031
4031
4032
4031
4031
4030
4032
4031
4031
4030
4031
4031
4028
4030
4031
4030
4030
4031
4031
4030
4029
4010
4028
4028
4029
4008
3981
3987
3991
3987
3993
3937
3907
3976
3892
3885
3928
3859
3870
3824
3778
3863
3738
3764
3720
3819
3732
3721
3768
3768
3721
3662
3664
3694
3588
3630
3628
3595
3594
3544
3495
3571
3523
3483
3447
3358
3390
3426
3456
3403
3448
3410
3371
3354
3382
3325
3302
3291
3271
3207
3163
3146
3262
3208
3155
3106
3135
3056
3108
3018
3039
2990
3025
2934
2940
2923
2943
2883
2912
2838
2855
2899
2826
2843
2844
2780
2778
2776
2745
2707
2763
2733
2695
2720
2588
2622
2585
2541
2588
2568
2489
2557
2471
2508
2422
2468
2414
2456
2452
2438
2346
2382
2310
2345
2297
2280
2338
2237
2278
2243
2265
2186
2131
2166
2214
2148
2123
2160
2130
2114
2058
2090
2112
2128
2083
2019
2009
1964
2060
2034
1919
1939
1983
1928
1917
1956
1884
1947
1841
1881
1839
1835
1841
1845
1870
1831
1841
1804
1802
1753
1756
1737
1709
1773
1727
1686
1755
1741
1673
1660
1693
1623
1664
1662
1712
1634
1689
1640
1654
1651
1656
1665
1627
1596
1597
1636
1623
1553
1555
1553
1598
1607
1552
1582
1522
1520
1511
1544
1515
1531
1483
1533
1487
1520
1450
1516
1516
1474
1450
1463
1474
1488
1424
1426
1442
1459
1444
1449
1411
1379
1431
1424
1392
1354
1390
1353
1411
1367
1371
1295
1357
1306
1291
1316
1254
1299
1247
1299
1331
1259
1292
1259
1244
1246
1278
1214
1257
1269
1247
1270
1200
1285
1289
1246
1230
1217
1223
1225
1227
1251
1234
1306
1284
1274
1335
1327
1384
1397
1483
1492
1556
1498
1589
1580
1603
1666
1757
1824
1865
1870
1910
1907
1990
2094
2056
2063
2203
2181
2238
2304
2334
2315
2403
2385
2410
2458
2480
2590
2522
2560
2671
2618
2582
2624
2614
2636
2670
2767
2722
2744
2785
2764
2837
2814
2838
2912
2844
2865
2961
2996
2980
2973
2983
3028
3082
3062
3101
3102
3095
3167
3096
3147
3136
3183
3228
3241
3351
3383
3342
3368
3410
3373
3403
3438
3460
3446
3450
3470
3574
3531
3561
3600
3680
3677
3681
3702
3724
3671
3679
3751
3728
3734
3773
3726
3742
3803
3764
3716
3824
3754
3817
3744
3802
3751
3816
3817
3829
3749
3824
3849
3816
3720
3821
3750
3790
3697
3746
3728
3755
3668
3735
3694
3697
3693
3703
3759
3770
3772
3737
3768
3724
3768
3834
3679
3836
3780
3814
3717
3723
3760
3832
3816
3803
3777
3773
3752
3801
3794
3770
3783
3867
3810
3742
3804
3793
3778
3774
3821
3751
3735
3734
3759
3690
3792
3707
3723
3664
3724
3758
3654
3638
3590
3685
3650
3688
3696
3597
3658
3634
3680
3667
3650
3640
3649
3705
3644
3661
3635
3712
3705
3634
3640
3766
3665
3688
3729
3744
3804
3687
3702
3762
3685
3761
3725
3804
3735
3848
3814
3829
3776
3918
3835
3806
3828
3803
3876
3826
3862
3849
3857
3902
3870
3891
3839
3866
3858
3883
3872
3894
3828
3860
3941
3916
3858
3913
3816
3867
3925
3935
3914
3739
3911
3863
3798
3782
3814
3850
3803
3739
3786
3882
3877
3810
3913
3822
3761
3831
3775
3797
3768
3792
3846
3811
3827
3884
3948
3814
3903
3882
3854
3795
3783
3827
3777
3938
3812
3873
3870
3766
3876
3873
3781
3768
3758
3842
3736
3858
3695
3724
3843
3783
3773
3833
3845
3805
3754
3739
3801
3836
3833
3702
3777
3803
3806
3665
3732
3720
3733
3767
3777
3742
3669
3684
3761
3654
3684
3699
3795
3666
3666
3675
3763
3641
3651
3710
3661
3670
3735
3638
3699
3615
3744
3628
3643
3627
3680
3597
3676
3628
3616
3587
3638
3716
3624
3575
3644
3626
3516
3597
3624
3606
3643
3630
3598
3704
3595
3655
3726
3704
3550
3624
3677
3618
3590
3642
3624
3670
3584
3659
3646
3643
3604
3605
3636
3632
3622
3623
3605
3578
3586
3650
3594
3618
3606
3527
3536
3545
3552
3516
3482
3525
3562
3559
3486
3481
3510
3600
3516
3566
3534
3577
3567
3470
3568
3560
3581
3646
3466
3644
3620
3581
3528
3571
3536
3521
3592
3562
3537
3526
3502
3554
3456
3576
3534
3563
3519
3488
3601
3602
3436
3506
3536
3518
3466
3481
3567
3462
3537
3522
3503
3535
3534
3616
3513
3487
3480
3526
3532
3527
3572
3417
3490
3511
3479
3474
3449
3522
3480
3423
3537
3454
3550
3537
3486
3492
3530
3561
3600
3518
3576
3492
3579
3529
3564
3520
3595
3542
3486
3457
3537
3600
3566
3498
3518
3556
3525
3568
3572
3470
3514
3502
3517
3510
3526
3554
3573
3501
3592
3594
3543
3529
3538
3518
3540
3544
3511
3500
3501
3508
3607
3530
3576
3519
3492
3517
3546
3582
3573
3456
3621
3476
3495
3513
3576
3532
3546
3511
3547
3523
3499
3503
3581
3480
3525
3606
3531
3520
3589
3617
3534
3577
3596
3642
3597
3608
3589
3651
3667
3612
3625
3688
3632
3646
3674
3667
3632
3621
3704
3712
3601
3672
3578
3693
3732
3680
3686
3707
3802
3712
3775
3713
3707
3737
3812
3733
3769
3796
3710
3732
3806
3736
3728
3767
3762
3741
3745
3783
3832
3673
3733
3719
3744
3796
3697
3670
3681
3713
3714
3770
3691
3722
3698
3696
3737
3692
3683
3729
3684
3686
3746
3659
3749
3622
3675
3664
3636
3626
3593
3634
3633
3617
3614
3680
3702
3617
3646
3586
3664
3653
3702
3711
3644
3692
3684
3787
3752
3763
3780
3860
3837
3876
3941
3947
3945
3970
3973
4005
4031
4030
4030
4030
4032
4030
4031
4031
4030
4030
4031
4031
4032
4031
4031
4031
4031
4031
4031
4031
4032
4041
4031
4031
4031
4031
4031
4032
4032
4031
4031
4031
4032
4032
4031
4030
4031
4031
4032
4031
4030
4031
4031
4032
4031
4032
4030
4030
4031
4032
4032
4031
4031
4031
4032
4032
4031
4031
4031
4032
4031
4030
4031
4031
4031
4031
4031
4031
4031
4031
4030
4031
4031
4032
4031
4031
4030
4031
4031
4027
4031
4031
4031
4031
4031
4030
4031
4031
4031
4032
4032
4032
4031
4031
4031
4031
4030
4031
4031
4032
4031
4031
4032
4033
4032
4031
4032
4032
4031
4037
4032
4032
4031
4031
4031
4031
4031
4031
4032
4032
4032
4032
4031
4031
4031
4031
4031
4031
4031
4030
4032
4031
4031
4032
4031
4032
4032
4031
4030
4032
4031
4032
4032
4032
4034
4032
4031
4033
4031
4031
4032
4032
4032
4032
4031
4031
4032
4031
4031
4031
4031
4031
4032
4030
4031
4030
4031
4031
4031
4031
4031
4024
4030
4030
4030
4031
4030
4031
4031
4030
4030
4028
4030
4010
3994
4007
4001
3977
3920
3993
3998
3939
3931
3950
3890
3901
3909
3912
3908
3818
3819
3885
3843
3792
3800
3750
3775
3703
3776
3768
3878
3872
3964
4031
4031
4031
4030
4031
4032
4032
4032
4032
4031
4032
4032
4033
4032
4033
4032
4035
4032
4032
4033
4032
4032
4032
4032
4031
4032
4032
4031
4031
4031
4031
4031
4031
4032
4026
4032
4032
4031
4031
4031
4032
4030
4031
4031
4030
4030
4031
4031
4031
4031
4031
4031
4030
4030
4032
4031
4030
3959
4012
3995
3928
3938
3900
3846
3890
3797
3844
3770
3744
3722
3589
3769
3644
3662
3641
3639
3581
3642
3514
3465
3454
3498
3449
3404
3401
3304
3313
3399
3266
3231
3187
3184
3191
3137
3143
3130
3080
3041
3005
2939
3054
2931
2985
2918
2911
2874
2806
2858
2894
2799
2730
2736
2784
2725
2717
2706
2620
2722
2602
2598
2616
2616
2632
2570
2560
2426
2548
2505
2461
2448
2437
2452
2364
2421
2380
2382
2380
2368
2302
2300
2352
2291
2292
2340
2269
2304
2302
2243
2289
2170
2246
2263
2232
2109
2232
2228
2208
2232
2262
2216
2225
2306
2294
2374
2370
2462
2477
2489
2575
2643
2700
2672
2712
2766
2892
2938
2983
3014
3116
3204
3248
3280
3380
3421
3379
3514
3560
3498
3637
3636
3674
3770
3748
3848
3802
3801
3818
3882
3813
3862
3859
3879
3865
3891
3874
3915
3935
3997
3870
3943
3940
3947
3996
3903
4006
3886
3990
3973
3921
4018
3917
3995
4027
4016
4016
4030
4031
4031
4030
4030
4031
4030
4031
4031
4031
4032
4031
4029
4030
4030
4031
4030
4031
4032
4030
4033
4030
4032
4031
4031
4031
4032
4031
4030
4032
4032
4032
4031
4031
4031
4030
4031
4032
4031
4031
4031
4030
4031
4030
4031
4030
4031
4032
4032
4031
4031
4031
4030
4031
4028
4032
4031
4030
4031
4030
4032
4031
4031
4031
4028
4031
4032
4031
4034
4032
4032
4031
4031
4031
4031
4030
4031
4031
4031
4032
4032
4031
4031
4031
4031
4031
4031
4031
4031
4029
4031
4031
4030
4031
4032
4031
4031
4031
4031
4031
4030
4031
4031
4033
4031
4031
4031
4031
4030
4032
4031
4032
4030
4031
4031
4031
4031
4031
4031
4031
4030
4031
4031
4031
4031
4031
4031
4031
4031
4030
4031
4031
4032
4031
4030
4031
4031
4032
4031
4030
4031
4031
4031
4030
4032
4030
4031
4031
4030
4031
4031
4031
4030
4031
4031
4031
4031
4030
4030
4032
4030
4030
4031
4031
4030
4030
4032
4032
4031
4031
4033
4031
4031
4031
4030
4034
4031
4030
4030
4030
4031
4030
4031
4031
4030
4031
4030
4030
4029
4030
4030
4034
4030
4030
4030
4003
4029
4026
4028
3984
4018
4022
4029
3965
4021
3943
4023
3982
3944
3974
4008
3993
4005
4028
4026
4023
3985
3977
4016
3982
3929
3929
3960
3970
4019
3958
3965
3998
3986
3946
3930
3923
3957
3927
3923
3970
3873
3986
3913
3914
3890
3937
3888
3912
3913
3913
3879
3920
3907
3952
3926
3879
3949
3884
3829
3950
3911
3898
3847
3890
3904
3931
3926
3920
3889
3890
3856
3892
3959
3885
3892
3961
3885
3910
3894
3953
3864
3846
3836
3869
3907
3838
3838
3902
3852
3828
3844
3920
3875
3864
3843
3870
3849
3812
3809
3911
3865
3868
3872
3872
3950
3895
3923
3868
3873
3856
3907
3876
3937
3904
3898
3842
3850
3878
3857
3902
3846
3872
3906
3910
3830
3879
3862
3818
3831
3852
3810
3874
3833
3825
3845
3870
3848
3828
3829
3883
3821
3813
3829
3863
3792
3808
3877
3838
3826
3819
3848
3830
3799
3789
3783
3840
3858
3883
3781
3869
3846
3786
3862
3830
3792
3810
3812
3825
3850
3899
3836
3838
3881
3842
3859
3862
3843
3848
3819
3811
3818
3852
3807
3803
3825
3856
3824
3846
3838
3780
3770
3801
3838
3858
3850
3827
3893
3849
3804
3869
3849
3814
3810
3918
3818
3879
3857
3802
3858
3903
3842
3854
3816
3891
3879
3841
3897
3824
3829
3849
3820
3896
3842
3794
3780
3847
3781
3822
3891
3794
3888
3888
3884
3816
3865
3911
3846
3894
3895
3853
3832
3902
3883
3872
3946
3961
3959
3986
3883
3927
3932
3926
3898
3948
3886
3947
3991
3958
3942
3921
3958
3939
3977
4007
3938
3976
3972
3984
3957
3961
4010
4028
3961
3948
3985
4027
3989
4022
4016
3977
3991
4007
4029
4030
4024
4029
3970
4028
4027
4008
3950
4020
4006
4011
4016
3988
4028
4030
3943
3997
3965
4027
4012
3959
3994
4024
4023
4024
3974
3992
3996
3998
3970
4021
4013
4022
3952
4005
4003
4016
3972
3962
3967
4010
3966
3980
3955
3954
3976
3976
3996
3916
3998
3954
3964
3920
4011
4014
4029
4031
4031
4031
4031
4031
4031
4032
4031
4032
4032
4031
4031
4029
4031
4033
4032
4032
4031
4032
4033
4033
4033
4033
4033
4032
4031
4032
4032
4032
4034
4033
4033
4033
4028
4034
4032
4033
4032
4032
4032
4032
4033
4033
4032
4033
4032
4033
4033
4032
4034
4033
4032
4033
4032
4032
4033
4032
4033
4033
4033
4032
4032
4032
4032
4033
4032
4032
4028
4032
4032
4032
4033
4032
4032
4034
4033
4033
4034
4033
4034
4032
4032
4032
4033
4033
4033
4032
4034
4033
4032
4032
4032
4032
4033
4033
4033
4032
4032
4032
4032
4033
4032
4032
4032
4031
4031
4032
4032
4032
4033
4033
4032
4033
4032
4032
4031
4032
4032
4031
4031
4031
4031
4030
4032
4031
4031
4031
4031
4031
4032
4031
4031
4031
4033
4030
4031
4029
4028
4027
4023
3952
3976
4019
3998
3944
3940
3919
3907
3934
3835
3824
3827
3842
3837
3830
3739
3808
3856
3749
3749
3828
3768
3778
3698
3692
3762
3708
3615
3678
3643
3659
3582
3662
3574
3530
3568
3584
3501
3517
3598
3613
3456
3557
3455
3562
3531
3476
3494
3582
3439
3518
3531
3450
3388
3524
3472
3469
3421
3423
3387
3384
3422
3350
3398
3408
3460
3376
3342
3356
3352
3254
3369
3296
3367
3221
3321
3260
3290
3278
3289
3259
3225
3218
3259
3195
3158
3170
3274
3212
3146
3202
3142
3104
3146
3099
3147
3134
3100
3167
3103
3106
3134
3064
3125
3119
3026
3051
3076
3040
3004
2972
2968
2913
2951
2952
2932
2980
2967
2974
2942
2868
2860
2905
2882
2880
2848
2927
2842
2823
2808
2893
2781
2865
2753
2725
2739
2707
2746
2710
2721
2612
2634
2596
2689
2592
2548
2548
2558
2507
2572
2544
2522
2422
2457
2482
2448
2401
2357
2383
2375
2329
2362
2304
2334
2223
2263
2270
2230
2330
2190
2205
2103
2164
2190
2128
2116
2086
2087
2088
2062
2091
2012
2002
2056
2085
1940
1936
1992
2004
1972
1873
1925
1943
1987
1888
1848
1858
1856
1870
1801
1815
1783
1815
1709
1776
1729
1739
1691
1690
1650
1697
1655
1687
1701
1600
1596
1624
1620
1614
1568
1564
1532
1593
1585
1506
1540
1542
1582
1465
1507
1541
1480
1516
1496
1517
1494
1477
1498
1455
1425
1503
1444
1442
1396
1378
1390
1470
1379
1448
1433
1416
1404
1329
1385
1340
1358
1385
1308
1383
1352
1357
1389
1296
1337
1296
1329
1263
1216
1293
1329
1298
1290
1237
1215
1282
1279
1219
1230
1213
1262
1237
1201
1216
1227
1199
1235
1205
1205
1160
1162
1155
1215
1235
1225
1186
1202
1191
1213
1192
1188
1157
1221
1240
1169
1154
1225
1223
1261
1120
1214
1156
1205
1217
1245
1219
1182
1216
1202
1215
1208
1191
1235
1220
Channel 1 Data:
1553
1090
1526
1262
853
1174
2247
1040
874
1464
703
986
1324
1098
1079
1054
1066
1180
1427
899
1287
1303
982
860
1024
980
1203
1037
1238
1075
1285
990
1408
1080
1088
1267
1409
1066
1057
1040
1375
930
1288
1005
1176
1018
1475
849
966
929
1354
946
972
1167
939
1119
1027
1386
1060
1422
1330
826
1153
837
962
1364
1193
868
1231
1120
1113
1252
1315
1070
1292
1144
1298
920
1215
1140
1488
855
1054
1150
1521
947
1089
1186
1138
1031
1162
891
806
1126
852
874
1217
876
1139
964
1376
1088
1437
1165
1369
678
1255
1089
1303
951
1119
999
1232
861
1313
1042
1329
971
1410
990
1311
1123
1316
572
934
1071
1232
1301
1192
995
1357
1037
1520
1045
1016
1031
1277
949
1620
824
1438
815
1666
635
1186
1103
1833
840
1463
959
857
672
765
999
1377
972
1102
937
1470
878
1306
1055
1645
887
1083
1144
1179
784
1325
1108
1360
920
1662
900
1288
1376
1814
1083
1333
1012
1736
1233
1472
1016
1769
1092
1186
761
1524
1090
1474
971
1757
1134
1380
781
1555
963
1601
1019
1611
1118
1113
1288
1510
1020
1332
806
739
1017
1576
963
951
1042
944
1296
1889
958
1051
939
1038
1041
1604
649
1190
882
1248
946
1465
1080
1461
994
918
662
1904
939
898
1101
1798
1187
1419
1341
806
833
1628
1075
1440
1007
1346
1042
952
1172
1901
1469
1264
955
1752
1444
1653
1066
2039
808
805
1064
1450
1014
2132
1435
1474
1559
552
907
1881
1154
1376
567
1412
914
601
1312
1109
367
1028
1453
1143
1244
1626
1210
1345
1331
1430
1376
1119
1000
1796
545
806
1447
1867
979
1028
669
896
1428
1485
1238
929
956
1205
1459
1683
844
1939
0
1181
713
1100
1812
1704
1296
1502
1579
1399
1730
1778
1519
2080
1252
1729
1557
1703
874
1263
1520
955
1546
1350
1412
631
1375
1413
1393
1236
177
835
1309
1442
0
1466
763
833
917
1656
327
1480
1569
1015
672
687
1497
0
1193
623
1213
1200
853
1610
1268
563
767
961
1010
1238
1293
364
915
1060
2776
1033
1441
1376
491
1448
1715
1596
1533
1929
683
827
1193
1533
434
1405
1181
1531
1101
914
1340
2103
1675
992
1519
1495
1157
1465
939
1517
992
1680
1707
1149
1420
1073
972
756
318
1548
1573
1019
884
0
933
1160
1689
1219
1174
839
1113
1825
1009
1463
1498
1691
1804
1959
1624
1306
2365
2368
1468
1177
1044
1199
1250
1531
1808
1315
941
880
281
615
700
1345
1112
1752
2616
1320
1776
824
1588
2783
1140
879
1499
1653
1912
1997
843
1219
1668
789
0
1552
1136
1687
1811
2094
735
1520
1804
1573
1083
1592
1685
1931
1910
1141
1580
1409
1344
1896
1949
1554
1336
1687
1857
1143
2816
1714
2080
957
2502
1883
1122
1935
1447
1403
1025
1754
2121
883
1871
1289
2744
1008
1864
1355
2341
1124
304
1522
1390
1547
1945
1640
1400
1120
1290
1082
1575
1011
1643
1582
2265
1642
1934
1632
2670
2339
1100
1420
2400
1959
2054
2133
1930
2102
1819
2871
2064
1025
1290
1534
1617
528
2047
2032
2234
1399
1997
1282
2978
1357
1421
1517
1739
825
2487
2108
1789
1804
2343
2153
1747
1027
2689
2224
1420
719
2430
1535
1733
2035
2422
2112
1817
1792
2747
1627
1600
2625
2280
995
1548
2514
2071
2087
2161
1892
1644
2355
2109
1545
2308
2894
1749
1940
1790
1970
1649
1454
759
1569
2854
1531
1675
1583
1463
1686
2277
2382
1348
1762
1861
2174
1936
1680
2442
2329
2163
1802
2289
1462
1819
1076
1588
1597
2414
1520
906
1808
1554
1631
1849
2068
1989
1514
1346
1574
1789
1715
2705
2039
1990
1840
2377
2492
1703
1812
1908
1844
2092
1974
2756
1910
2017
1846
2008
2347
1266
1945
1774
2159
1836
1640
2872
1783
1567
1957
1900
1831
1326
2188
2176
1976
1952
1540
1494
1460
1902
1545
1634
795
1655
1974
2346
1750
2181
2210
2248
1691
2339
1620
2142
1794
2610
2292
1728
1646
2812
2117
2424
2176
2597
1551
2025
1512
2523
1624
2461
1622
1713
1744
2382
1787
2820
1516
2004
1657
2136
2006
1878
1735
1968
2054
1949
1629
2460
2060
2240
1610
2128
2012
1899
1620
2142
2245
1943
1784
1878
1597
1613
2083
1725
1872
2055
2418
1813
2434
1769
2106
1745
1567
2572
1863
2512
1903
2060
1937
1112
1945
2659
1992
1500
1787
1795
2360
2022
1985
2054
2218
2244
1848
1898
1833
2453
2195
1661
1960
2058
2308
1767
1836
2148
2092
2128
1984
2403
1871
2388
2299
2274
1701
1530
2199
2512
2081
2013
1997
2008
2253
2172
1826
2090
2112
1678
1874
2116
1771
2272
2002
2248
1931
2052
2170
2240
1944
2261
2090
2298
1963
2039
2146
2208
1941
1991
1941
2021
2033
2101
1932
2133
2120
2187
2058
2345
1928
2265
2078
1993
2018
2142
2044
2114
1835
1632
2000
1947
2081
2090
2036
2218
1763
2323
1838
2014
1853
2410
2054
1998
1886
2062
1962
2150
1839
2053
1586
2019
1636
2109
1818
1878
1946
1691
1918
2351
1911
1715
1892
2120
1883
2008
2048
2094
1811
2072
1878
2018
1837
2136
1964
2052
1721
2083
1856
1954
1903
2232
1892
2145
1758
2122
1830
1867
1881
2782
1883
2426
1823
2118
1706
1795
1864
1482
1607
2085
1983
2642
1820
2323
1848
1878
1534
1963
1534
2002
1618
2265
1590
1855
1847
1722
1652
1872
1671
1935
1716
1822
1802
1384
1790
1557
1196
1705
1831
2188
1586
2119
1465
2234
1649
2128
1726
1507
1531
1531
1560
2134
1733
1739
1573
2496
1859
1711
1558
1287
1465
1759
1532
1520
1258
1965
1557
2069
1861
1360
1529
2092
1170
1628
1512
1874
1373
1486
1337
2162
1354
1471
1339
1674
1812
1238
1316
1707
1427
1676
1251
1846
1798
1366
1664
1708
1420
1960
1234
1641
970
1886
1306
1518
1187
1706
1446
1489
1140
1265
1793
2000
1096
1893
878
1582
1222
1684
1870
1580
943
1855
1371
1146
1089
1316
1618
1180
1589
1898
1581
1817
1893
1911
465
1791
1548
1459
418
872
1639
1511
1392
1243
1406
1303
911
1655
1717
883
1018
2334
1238
904
1224
1381
1907
1037
1457
1935
1854
1495
1656
1312
2510
1359
1803
1157
824
2224
1136
1179
715
1285
1029
1783
1229
970
1225
1281
1658
926
1179
1350
1563
2288
1435
1774
1485
1693
1070
1198
1328
1827
1796
1344
988
1491
1936
938
1220
1387
151
846
1279
1469
1583
1671
1591
1503
1455
1920
1104
1298
1695
93
1958
1710
1571
1344
1618
1822
1463
1325
898
1701
730
925
864
1557
404
1301
1878
1638
1362
1779
1176
1182
1564
1664
1916
0
2145
1354
1001
440
868
1219
836
105
665
1629
1258
1272
2167
1063
698
1502
529
855
661
989
1787
1027
469
1218
1848
1271
1848
1711
1688
1362
1494
1519
1236
2305
551
1988
1385
826
1335
1730
957
686
504
1196
429
1491
278
109
1168
1693
445
1724
2108
1147
1314
840
1252
1508
2464
259
1694
940
1729
715
827
1051
1422
2213
1427
1261
963
722
1904
526
1054
758
2011
823
1131
875
2215
616
1281
1124
599
743
2652
1376
1402
1334
1684
1171
1405
1715
975
1179
962
1341
1292
416
831
1770
878
276
1319
1403
213
1028
1256
1286
294
1253
958
1839
1137
1098
1917
1488
419
1146
1783
771
931
2038
1232
1481
1097
1296
2234
1542
973
1492
1757
1212
808
1931
1865
1429
1429
1639
1785
1632
1255
1604
349
1015
1147
1122
612
643
904
1492
249
231
442
1423
1039
823
1258
1115
768
135
1806
1390
1754
1618
0
2515
1509
1034
1003
1574
849
1166
1157
1214
1419
1209
749
1226
474
1417
1265
1381
745
824
1227
1428
444
1094
1268
1197
295
870
1259
754
1091
1221
700
620
1781
2015
1106
495
1327
1628
1379
1648
1806
144
769
1320
770
314
616
1511
1416
299
944
1044
1227
1382
755
723
1667
1184
1868
1070
1380
936
1958
1170
1644
1021
1704
1342
1546
307
1452
1215
1718
1340
1214
1499
1476
1466
1563
1612
1249
999
1402
1051
1484
1141
1875
790
1744
1145
1051
871
883
994
1335
1249
1138
330
898
1416
1240
858
924
1120
821
851
1283
1433
894
656
1862
531
985
1155
1862
1055
1126
956
1371
997
1212
952
1536
676
1230
1093
1505
806
1310
1177
1190
1384
1372
1398
1575
1420
1183
1075
1505
860
849
1380
1527
1678
1096
1002
691
1040
1324
894
26
1031
73
1223
971
779
1198
1083
1260
628
1293
1226
1205
1454
1652
951
1010
1405
1686
1264
1158
1197
1448
662
945
1158
1509
1039
1449
582
902
1201
623
1212
1133
865
1131
1047
1487
1154
965
1243
718
553
1146
879
905
923
1426
1043
1152
1034
1172
598
1255
1241
828
1056
880
814
1365
1158
787
1182
1744
969
1359
985
1441
1367
1293
1084
880
1165
886
1284
1153
1184
1289
980
1040
1023
1280
1268
1212
1608
1024
1412
1235
1347
939
1481
1767
1047
1440
1206
1551
1284
1362
1100
1547
1137
1678
1348
1899
1186
1590
1443
1380
1374
1392
1260
1494
1339
1608
1514
1808
1208
1634
1512
1527
1634
1867
1499
1671
1320
1377
1160
1268
1515
1826
1736
1546
1500
1664
1399
1713
1391
1777
1396
2018
1815
1761
1637
1611
1609
1793
1636
2012
1531
1809
1508
1612
1537
1491
1480
1840
1414
1920
1569
1978
1910
1573
1569
1794
1662
1561
1590
1802
1715
1734
1669
1654
1561
1611
1937
1660
1615
2179
1548
1620
1700
1736
1692
1973
1688
1722
1908
1978
1695
1878
1659
1683
1738
2173
1703
2177
1730
2323
1692
1917
1777
1946
1601
2232
1728
1896
1818
2248
2121
1828
1515
2354
1496
2003
1689
2337
1853
2743
1809
2305
1936
2116
1847
1561
1704
2172
1869
2521
1683
2400
1808
2520
1851
2077
1934
1834
1620
1713
1425
1844
1894
2000
1808
2198
1812
1750
1910
1579
1855
2950
1847
2361
1923
2292
1715
2093
1655
2417
1702
1830
1814
2139
1992
2070
1865
2076
1780
1858
1670
2494
1938
2109
1902
2204
2024
2354
1839
2846
1936
2088
1751
2167
1948
2030
1730
1915
1827
1857
1994
2059
1909
2711
2012
2034
1758
2466
2260
2986
2184
2387
2447
2698
2288
1732
2236
2105
3016
1529
2018
2025
2272
1990
1945
2708
1576
1850
2502
2183
1784
2518
2125
2299
2269
1954
2347
1968
1655
2336
1844
1963
1567
2440
1722
2131
2426
1854
2775
3059
1847
2482
2306
2102
2226
2140
2004
2717
2112
3040
1930
1963
1961
2701
1988
2388
2135
2002
2104
1056
2561
2054
2386
2319
2483
1817
2349
1907
2196
2608
2136
2004
551
2938
1826
1571
2980
2410
2435
2850
1658
2061
1994
2244
2687
1929
2325
2194
1819
3017
1605
2256
1373
1921
1621
2281
2131
2495
2084
2315
2146
1688
2880
2226
2120
2085
2160
2276
1775
2282
3426
2219
1768
2486
2418
2150
2702
2324
1987
2589
2413
2585
1844
2442
2728
2240
1987
815
2932
2051
2033
1848
1365
1749
1862
3152
2027
2712
3266
2473
2084
2230
2794
2340
2940
2735
2181
2714
2220
2866
2124
1617
2288
3152
2309
1511
2750
2683
1669
2142
2476
1758
2098
2394
2492
2840
2876
2894
2912
1930
2244
2163
2592
1406
1264
1982
2802
2227
2093
1399
1995
1801
2028
712
2728
2047
1634
2466
2086
964
2282
2880
2289
2411
1988
2271
2062
2288
2372
2056
1181
1630
2054
2317
1224
2336
1869
1806
1806
2296
1634
1860
1849
2708
2451
1656
1908
1007
2190
2600
1572
1896
1043
1370
2184
2328
1211
2419
1274
1660
815
1626
1566
1416
1799
1411
1564
1964
1372
83
1515
1926
1337
981
2112
1627
1940
1986
1635
1838
2130
1071
1788
2368
1215
1733
2722
2338
1763
2147
1956
828
1215
1812
2364
1096
988
1685
1846
1266
489
1677
1694
2324
1788
1191
1212
1686
564
1793
1973
1684
1453
1498
1667
981
1077
1920
1616
898
989
1883
1267
771
1566
1572
1831
1631
1519
1802
1595
1623
1826
1502
1038
1215
2604
1990
1221
1075
1856
1847
1511
1545
1015
1514
2503
1054
1924
579
2149
1318
1189
722
1272
1990
1179
1542
160
724
2042
1394
987
0
2070
1556
1888
735
1506
991
2098
1578
2108
885
1066
1574
1172
412
939
1035
688
713
1579
1163
1083
1167
1562
1151
1063
1403
1624
1281
1709
1222
1265
898
542
1968
2214
981
419
1062
2141
858
917
265
1222
1029
1182
1715
1787
848
1487
1209
1869
750
1354
1226
1417
821
1483
1282
1166
771
1125
784
1056
1046
1207
1262
632
792
1228
1679
560
1346
1354
1630
1296
1088
2311
1067
1307
787
956
1079
1069
1305
1378
1227
984
1529
1118
1047
1211
1170
1080
1082
1318
1670
1064
1268
825
836
1249
885
1255
1584
1450
1521
1521
710
1242
1251
1391
918
1619
671
1389
1366
1096
961
1146
934
1168
1296
1213
1202
1014
1172
1428
1024
1155
1005
1555
1140
1311
963
1854
1057
1431
737
1220
1388
1574
1215
1374
1038
1216
1194
1323
307
1326
1147
1592
636
1203
1186
1301
1429
1570
1109
1423
1246
1409
1218
951
1022
1955
1273
1535
1106
1634
1112
1123
1088
853
1219
875
1133
1578
1168
1038
896
1045
1014
1454
809
940
972
1171
819
1074
1250
1276
1232
1426
1186
1220
1268
745
1174
1094
1065
1167
1442
1354
1133
1048
1101
940
1007
1301
1136
1385
1243
1364
1072
1543
1223
1093
1120
1360
999
943
1061
1060
1094
1027
1184
1282
1091
1267
1179
1236
1115
1542
679
1344
1274
1154
1219
1224
1167
1230
830
927
1102
991
1337
1182
1045
1387
1448
1102
1414
1207
1019
1324
1174
1623
1160
1440
1115
912
1147
1310
1152
1414
1139
1305
1574
1377
1120
1505
1208
1517
1099
1777
1154
1219
1323
1327
895
1619
1107
1354
855
1671
1341
1616
966
1555
977
884
1083
2003
1140
1483
1352
1099
1055
1290
1328
1635
762
1313
1603
1514
1160
1172
1105
1511
1075
1492
1364
1110
895
1360
965
1395
1254
1276
1174
2178
1157
1002
1045
1505
841
2022
1153
1569
967
1737
1263
1304
1707
1594
1146
1853
1241
1729
1202
1788
1067
1945
1035
1361
1479
1216
1212
1128
1274
1372
1152
1502
1182
1672
1463
1744
1034
1796
1237
1704
990
898
1072
1291
1092
1700
1496
1318
1197
1272
1259
1368
1076
1448
1050
2152
1336
1908
966
1218
1485
1619
1406
1283
868
1670
1144
1720
1555
1506
1092
1450
1538
1411
1046
1755
1181
902
1721
1351
1103
1734
1485
1370
1360
1636
1645
1855
1318
1106
1441
1064
1448
1620
1220
1589
1761
1149
1521
1083
1086
1315
1261
964
2010
1851
1812
1681
1747
1598
1682
1736
1107
1711
1129
1934
1891
2585
912
1927
835
1791
1587
1549
1950
2176
1598
1312
2483
1995
1244
2202
1712
1747
651
1800
1178
3095
1417
1306
1106
1323
1631
1217
1857
1634
1806
2413
1299
1865
1042
1788
1675
2116
425
2136
1532
1644
2219
1502
1591
2050
2035
2045
1914
2220
1821
653
1739
1892
1486
1820
1826
2074
1427
1279
1497
1686
1389
2352
2261
1635
2286
1621
2907
1508
2037
1757
1235
2276
2300
2022
2437
2051
1790
1910
1508
2411
2194
2123
1995
2200
1768
1338
2215
2352
2109
1925
1482
1161
2120
2084
2227
1911
1419
2593
2131
2551
1980
1830
2530
2003
1040
2476
1308
1682
1535
1872
1464
2091
1357
1556
2311
1879
2303
2327
1815
2066
1454
2774
2953
2149
1899
2195
3158
3232
2353
1769
886
2228
2099
1689
1183
2211
2290
2516
1566
1884
1967
2503
2061
2362
1790
1936
2410
1514
1914
2842
2211
2393
1807
2392
2576
2660
1344
2362
2275
1972
485
2431
1842
2085
2590
1904
847
1834
2148
2698
1196
2086
1328
2628
1660
1938
2030
2973
1556
2815
2526
1630
1419
2336
2132
1872
1572
2148
1985
1849
2414
1191
1926
2243
3000
1809
2278
1999
2652
1461
2076
2076
2744
1426
1768
2002
2183
2085
1521
2294
2377
2005
2008
2004
1592
1387
3061
2274
1762
1694
2013
1969
1742
1246
2690
2086
1900
2523
2121
2155
2883
1749
2682
2724
2277
1884
3040
2910
2598
2266
2650
1858
1737
1969
1866
2036
1739
2171
2195
1241
1351
2063
2429
1086
1616
2869
2619
2636
1208
2818
2214
2636
1930
722
2800
1665
2761
1647
2923
1685
1951
1881
3030
1918
1963
1960
2330
1416
2422
2382
3142
1521
2415
1902
1964
1846
1974
2179
1741
1956
2071
1884
2158
1152
2216
2189
1986
2461
2325
2012
1107
2336
2762
1847
1517
1842
1491
2420
1858
1918
1879
2220
2466
2315
1498
1515
2636
3027
2694
1231
2067
2569
3001
2312
1990
1646
2392
2946
1815
2301
1722
2569
1661
2125
2119
1651
1654
1967
2055
1910
2757
2064
2246
1663
2512
2657
1665
2177
2269
2052
1876
2548
2698
2033
1824
1683
2557
1153
1492
2390
1899
2388
2117
1629
2632
1688
2049
2036
1994
2370
1621
2080
2142
1698
2132
2482
1786
1744
2546
2336
2633
1084
2410
2097
2330
2136
1818
2364
2397
1882
2380
2049
1698
1925
2860
2048
1302
2085
2384
2065
2880
1732
1832
2259
2492
1557
2029
1793
2670
1965
1763
1344
2587
1684
2248
1526
1758
1277
1914
1878
1915
1940
2177
1971
1843
2034
2404
2271
2746
1755
1912
2145
2402
1828
2889
2326
2493
1373
2301
1729
1798
2258
2211
1583
1460
1999
2193
1842
2360
1909
1863
2574
