Starting data capturing
Starting data capturing
Channel 0 Data:
1357
1428
1377
1333
1377
1278
1271
1193
1188
1193
1216
1051
1160
1144
1090
1047
1071
1068
1053
996
997
863
881
904
867
871
848
800
869
752
674
731
732
703
671
672
681
741
602
731
685
738
694
703
718
656
593
563
623
584
620
614
653
501
565
453
513
434
603
555
522
376
476
467
439
412
402
449
443
427
390
473
329
299
395
383
302
282
346
325
191
273
279
288
250
305
219
265
205
286
208
341
336
400
438
481
524
665
772
814
1005
1051
1266
1278
1390
1494
1525
1589
1727
1765
1801
1886
1928
2046
2075
2144
2264
2312
2342
2417
2476
2489
2545
2567
2673
2637
2733
2684
2801
2833
2761
2816
2840
2866
2878
2897
2955
2889
2951
2969
3010
2998
3106
3009
3076
3050
3012
3057
3030
3078
3130
3038
3020
3046
3114
3133
3027
3090
3027
3133
3182
2990
3111
3180
3136
3037
3102
3116
3141
3109
3136
3134
3117
3114
3194
3128
3116
3169
3194
3189
3160
3187
3137
3135
3189
3141
3145
3138
3270
3193
3184
3266
3224
3188
3240
3293
3182
3248
3207
3215
3245
3212
3212
3228
3313
3220
3321
3231
3230
3222
3242
3216
3180
3225
3220
3220
3242
3208
3186
3252
3187
3209
3146
3128
3161
3078
3044
3084
3039
3083
3104
2984
2990
2970
2961
3037
2992
3020
2979
2973
2989
3019
2925
2954
2989
2972
3038
3080
3020
3031
3102
3030
3091
3098
3116
3095
3135
3067
3137
3167
3211
3088
3145
3076
3107
3085
3114
3079
3144
3088
3207
3098
3127
3099
3183
3102
3143
3130
3156
3112
3107
3114
3071
3080
3086
3083
3047
3048
3081
3130
3064
3044
3056
3030
3028
3005
3058
2985
3060
2975
3022
3024
2965
2944
2959
2952
2925
2890
2961
2877
2910
2858
2870
2880
2880
2832
2898
2815
2854
2851
2829
2812
2835
2808
2777
2784
2842
2785
2754
2870
2821
2861
2848
2795
2859
2807
2817
2791
2791
2793
2829
2844
2830
2800
2881
2870
2813
2823
2892
2832
2859
2864
2928
2848
2824
2895
2808
2777
2821
2838
2822
2793
2771
2809
2890
2817
2823
2782
2804
2828
2853
2814
2789
2814
2849
2816
2864
2803
2820
2837
2834
2887
2909
3034
2982
2999
2997
2919
3013
2951
2904
3058
2977
2955
2960
2988
2982
2993
2970
2954
2937
2977
2874
2931
2889
2913
2827
2888
2846
2712
2778
2677
2709
2702
2724
2544
2591
2628
2498
2563
2471
2483
2494
2386
2327
2370
2268
2270
2231
2279
2162
2143
2065
2030
2026
2053
1987
1982
1930
1855
1868
1864
1773
1850
1796
1789
1680
1636
1614
1560
1548
1626
1562
1542
1529
1539
1661
1609
1713
1852
1786
1782
1840
1867
1974
1987
1987
2082
2106
2178
2218
2290
2378
2376
2345
2426
2466
2511
2526
2589
2529
2610
2569
2591
2648
2609
2712
2722
2687
2723
2740
2741
2789
2808
2867
2853
2756
2798
2776
2789
2812
2828
2830
2856
2874
2928
2830
2734
2802
2808
2835
2828
2888
2942
2827
2828
2832
2977
2934
2988
2942
3034
2986
2889
2981
2994
3027
2952
2908
3035
2982
2971
2990
3013
2955
2905
3010
2974
2910
2952
2920
2997
2954
2946
2989
2914
3004
2964
2923
2910
2879
3054
2936
2931
2842
2899
2873
2750
2888
2935
2872
2808
2774
2732
2685
2743
2652
2689
2630
2604
2712
2561
2622
2587
2742
2613
2628
2609
2649
2675
2739
2642
2625
2647
2625
2643
2581
2595
2638
2598
2561
2611
2672
2558
2624
2571
2546
2608
2548
2552
2470
2564
2653
2623
2624
2630
2600
2590
2628
2539
2484
2494
2457
2368
2394
2343
2367
2325
2304
2250
2276
2229
2279
2198
2193
2180
2160
2107
2116
2136
2211
2075
2136
2055
1986
1971
2029
1986
1911
1957
1880
1888
1868
1883
1832
1799
1856
1849
1783
1787
1791
1805
1686
1765
1750
1725
1706
1689
1658
1702
1683
1612
1683
1637
1609
1626
1588
1568
1521
1567
1525
1558
1530
1525
1572
1660
1566
1622
1531
1518
1530
1525
1539
1492
1474
1535
1488
1460
1476
1521
1447
1423
1365
1357
1341
1331
1350
1292
1261
1262
1211
1258
1152
1293
1176
1218
1159
1162
1158
1092
1057
1048
1066
1058
992
971
895
1004
890
909
858
916
858
818
755
858
811
844
835
824
703
758
721
779
721
719
700
690
702
676
618
664
660
654
655
642
604
676
544
539
653
620
664
701
755
848
865
870
1022
1076
1187
1237
1334
1362
1529
1602
1752
1775
1936
1944
1970
2060
2063
2214
2249
2284
2346
2386
2440
2476
2446
2556
2616
2494
2510
2536
2612
2521
2517
2592
2582
2564
2532
2603
2613
2564
2597
2608
2578
2671
2602
2658
2665
2664
2604
2699
2674
2617
2614
2655
2682
2636
2655
2737
2670
2634
2614
2678
2642
2590
2678
2643
2647
2640
2640
2666
2612
2658
2740
2699
2582
2627
2676
2769
2724
2694
2634
2619
2646
2663
2638
2720
2723
2726
2728
2725
2705
2746
2652
2737
2655
2668
2663
2649
2610
2690
2625
2646
2648
2696
2640
2594
2580
2626
2604
2617
2653
2612
2588
2673
2623
2614
2612
2578
2616
2624
2542
2550
2569
2515
2510
2570
2475
2510
2548
2504
2542
2508
2561
2487
2476
2564
2532
2552
2501
2483
2534
2565
2458
2540
2499
2518
2522
2584
2584
2491
2485
2540
2497
2444
2504
2474
2504
2453
2416
2388
2496
2392
2307
2348
2298
2333
2296
2228
2285
2304
2295
2318
2293
2342
2406
2327
2312
2355
2336
2355
2336
2364
2350
2322
2360
2424
2364
2332
2312
2340
2291
2276
2281
2295
2330
2193
2242
2166
2228
2130
2151
2159
2139
2090
2093
2007
2078
2021
1942
1940
1982
1930
1935
1858
1936
1877
1833
1790
1803
1812
1817
1811
1841
1832
1738
1750
1703
1688
1662
1714
1664
1691
1719
1618
1693
1596
1652
1649
1570
1649
1558
1643
1591
1528
1513
1520
1476
1519
1508
1570
1432
1423
1392
1406
1415
1408
1368
1344
1401
1412
1324
1357
1352
1275
1269
1268
1312
1282
1224
1234
1260
1178
1215
1234
1175
1153
1111
1210
1183
1119
1071
1068
1085
1087
995
971
1050
1097
1031
1070
985
939
977
950
989
906
861
912
893
906
823
816
782
825
686
839
809
748
655
672
631
663
596
600
586
628
538
549
494
625
523
530
488
437
490
418
489
421
376
396
364
424
368
339
386
423
382
335
311
270
268
271
263
296
239
231
327
259
167
183
193
158
109
60
35
11
34
0
0
0
0
0
0
0
0
0
0
11
132
140
136
342
319
434
533
712
790
924
969
1030
1231
1240
1366
1472
1487
1570
1662
1806
1780
1809
1906
1994
1960
1977
2073
2112
2133
2150
2229
2167
2192
2280
2224
2426
2312
2386
2422
2461
2498
2528
2539
2498
2575
2630
2623
2548
2592
2597
2593
2696
2750
2694
2762
2784
2780
2758
2740
2731
2829
2780
2733
2870
2711
2707
2652
2673
2615
2682
2693
2626
2692
2625
2634
2640
2622
2665
2651
2629
2566
2620
2597
2599
2587
2664
2536
2580
2667
2587
2541
2650
2677
2588
2512
2583
2657
2569
2638
2585
2611
2640
2642
2710
2626
2637
2645
2647
2712
2750
2640
2733
2693
2698
2724
2702
2658
2671
2748
2761
2774
2725
2783
2717
2685
2806
2710
2751
2672
2732
2789
2711
2654
2667
2632
2657
2627
2756
2669
2707
2589
2719
2648
2614
2641
2657
2633
2560
2573
2633
2558
2686
2636
2615
2551
2548
2632
2570
2541
2535
2601
2530
2533
2685
2561
2546
2562
2548
2561
2555
2519
2551
2547
2646
2595
2575
2624
2616
2650
2582
2603
2720
2611
2622
2621
2666
2700
2624
2694
2662
2717
2587
2654
2626
2640
2624
2635
2529
2500
2488
2475
2470
2451
2417
2493
2596
2576
2521
2560
2631
2671
2691
2724
2817
2783
2796
2846
2890
2848
2801
2821
2822
2837
2749
2734
2751
2817
2699
2643
2643
2639
2636
2544
2569
2544
2499
2461
2457
2370
2380
2363
2320
2281
2296
2299
2211
2164
2041
2117
2018
2062
1987
2007
1970
1982
1955
1931
1810
1819
1843
1721
1788
1695
1691
1642
1624
1640
1580
1572
1500
1528
1448
1414
1441
1433
1391
1365
1296
1338
1228
1342
1336
1260
1296
1211
1199
1119
1138
1153
1107
1074
1021
1074
997
986
934
923
943
844
826
797
791
826
755
763
712
729
699
690
698
620
660
657
618
566
603
544
504
539
537
494
437
461
457
450
462
421
373
365
390
384
356
380
320
369
357
284
275
337
296
262
310
274
274
279
236
240
196
273
247
184
176
202
154
146
161
132
99
145
74
84
87
85
40
30
0
0
0
0
0
0
0
0
0
0
0
Channel 1 Data:
1222
1791
1562
1428
2705
1208
1710
1045
503
1257
2302
751
1675
1554
1483
1738
1465
2441
1440
1860
1111
614
1039
684
1342
1819
1029
711
1956
1118
0
557
1546
1123
585
1387
1778
1281
48
1999
1924
1464
1353
1838
2966
1387
1146
1282
1526
1853
1988
1819
1988
1874
1587
1182
1627
872
2350
2210
2337
622
1722
1856
2242
1263
1261
1732
1484
1438
1165
1706
1292
790
2142
1228
923
1208
1940
1418
263
1756
1894
2007
1451
1959
1099
1650
1515
2024
1165
1706
2036
2254
1325
1616
1336
1883
1576
785
1897
1780
2917
1639
1409
1590
2150
2368
1816
1680
1504
2140
1578
1288
1124
1239
1721
1740
1395
1168
1799
1524
2126
1380
2129
1267
1842
1139
1957
1713
1551
1374
1891
1738
1535
1563
1330
1259
1960
1946
1906
1579
2093
1331
2496
1377
1398
1874
1302
1744
2018
1250
1394
1820
1540
1693
1729
1192
1179
1599
1958
379
1868
1718
1620
836
1017
1346
1840
1379
1698
1330
1461
1374
2341
1593
1404
1375
2468
1333
1406
1318
1505
1375
1715
1153
1160
986
1402
1165
1232
1352
1600
1369
1620
1323
1099
1518
1549
1329
1483
1271
1436
1306
1673
1238
1476
1647
1386
1661
1618
1430
869
1392
1401
1581
1069
1228
1200
1331
1413
1442
1430
1098
1227
1359
1052
1312
1364
1409
1610
1160
1592
1201
1322
1433
1662
1328
1639
1412
1998
1386
1134
1250
1824
1547
1419
1415
1481
1235
1260
1026
1627
1088
1499
1323
1123
1388
1668
1392
1958
1359
1354
1289
1667
1347
1602
1115
1720
1349
1782
1456
1643
1430
1644
1543
1986
1824
1814
1500
2018
1184
2106
1513
1688
1388
1861
1604
2232
1929
1604
1492
1782
1578
2299
1710
2146
1617
1732
1510
2077
1667
1831
1719
2147
1609
1857
1735
1955
1693
2266
1700
2200
1711
1791
1863
2328
1818
2108
1539
2302
1744
2480
1546
1966
1768
2163
2106
1150
1895
2403
2059
2685
1731
1837
1965
2500
1928
1990
1762
2848
2082
2258
1757
1853
1976
1828
2097
2533
2110
1755
1884
2769
1792
2078
1628
1903
1676
2242
1767
2445
1628
1737
1836
2520
2310
2290
1550
1836
2096
3065
1808
2066
1688
2676
2020
1870
1812
2365
2246
1806
1505
2112
2363
2710
1654
2107
1567
2736
1570
1524
1830
2106
1464
2510
2410
2566
2281
2876
2242
2191
2381
1465
2386
2296
2495
2047
2590
2201
1474
2759
1758
1981
1479
2474
1051
1700
2719
1921
1979
2231
2092
3265
2275
2250
2634
2561
2371
2978
2769
2997
2411
2068
1950
2262
2307
2731
1600
1667
1849
2017
2633
2426
2714
2480
2770
2217
2153
2604
2394
2442
2853
2197
2262
1932
1896
2480
1974
2287
2941
2203
2076
1773
1943
2418
1979
2010
2551
2344
2102
2061
2196
2423
1667
1573
1600
2352
1752
2274
2242
1481
2243
1574
1574
2353
1134
2314
1793
1850
1813
2228
1623
1804
2584
2457
1988
1844
2004
1470
1839
2058
1800
1939
2423
2153
2496
1651
952
1394
1390
1865
1932
1813
2073
1950
858
1104
2130
1687
2749
1803
2576
2126
1386
2129
1596
2074
2267
1629
2311
1936
1700
2407
2034
672
920
2658
2327
1094
1892
1612
1915
2208
1515
2064
1390
2390
1896
2197
1319
1305
2926
2072
1716
1143
1509
1492
997
1702
1869
1257
1670
1702
1333
1161
2109
539
1501
1006
2040
2829
1270
1854
1597
2061
2282
2317
1828
1864
2339
3308
1512
1554
1828
1707
1112
1415
651
1792
1032
1174
1582
2027
1403
1670
1842
1237
1632
1755
1265
179
1586
2272
1715
1998
1182
1445
1159
1927
1272
1350
1630
1479
233
1426
476
1740
1945
1163
936
1626
930
2213
1024
1387
1918
1438
1021
2378
1366
2924
1546
1838
1559
685
953
1725
1946
1780
2403
1714
1789
1208
1904
778
1029
1378
2509
2030
1207
2041
2865
1160
2283
1230
2092
2152
1750
1471
1872
2627
1450
2781
1949
1837
2160
2072
1322
1094
1636
1659
1858
828
812
1827
2186
1624
1949
1467
1629
1660
2471
1625
1828
2113
2976
2875
2619
2140
2425
1977
2297
1872
2055
1954
1897
1616
2003
1649
1932
1531
2168
1188
1956
1527
2212
1466
2721
2514
1889
1857
1618
2052
2288
1953
1723
952
2762
1782
2238
1843
2358
1690
1712
927
2121
1244
2339
2594
2440
1125
2013
2160
2205
2046
2213
1925
2139
1764
2114
1974
1882
1866
2501
1561
1372
1731
2557
1630
980
2503
2027
1808
1161
2329
2675
2320
1721
1980
1849
1651
1927
1996
1431
1606
2017
2496
1883
1532
1541
1587
1476
953
2039
1627
2594
1990
1368
2155
1752
675
1937
1929
1061
1701
1773
2306
2225
1778
2291
1843
1943
1254
1796
2051
2096
1995
1798
1339
2285
2058
2467
1935
1594
1563
1977
1718
1397
1485
2298
1643
1587
1781
2065
1980
1185
1274
1560
1606
1591
1745
2287
1605
1499
1573
1901
1223
1549
1917
1847
907
1515
1561
2368
1679
1419
1361
1353
1262
1410
1454
2068
1643
1783
1469
1652
1563
1989
1514
1595
1455
1607
1399
1711
1495
1733
1503
1993
1219
1670
1160
1190
1380
1598
1318
1736
1505
1222
1153
1644
1602
2175
1665
1500
1507
1624
1322
1629
1643
1509
1521
1924
1122
1397
1404
1496
1475
1899
1713
1471
1071
1624
1203
2021
1428
1346
1433
1464
1358
1768
1326
1701
1131
1501
1788
1163
1298
1799
1804
1179
1540
1311
1454
1379
1628
1491
1592
1653
979
1565
1187
1572
1499
1314
1310
1658
1395
1565
1228
1674
1319
1918
1011
1584
1707
1619
1452
1360
1295
1662
1502
1808
1312
1262
1336
1497
1164
1195
1509
1765
1516
1369
1508
1456
1213
1829
1406
1965
1386
2072
1399
1111
1381
2331
1216
1636
1431
2018
1243
1778
1597
2154
1503
1354
1490
1708
1531
1953
1583
1480
1410
2203
1728
1417
1364
1952
1654
1680
1564
1412
1703
1384
1459
1589
1629
2400
1219
2236
1882
2057
1305
1985
1375
2102
1407
2743
1658
1663
1850
2424
1663
2291
1592
1615
1883
2502
1591
2473
1591
1952
1898
2281
1584
1794
1482
2205
1294
1959
2283
2698
2044
1872
1800
2788
2497
2136
1898
2300
2016
2220
1812
1827
2319
3017
1927
2330
1991
1425
1769
2299
2344
2122
1436
2467
2095
1908
1081
2021
1923
2072
1024
2226
2044
1247
1344
2041
1394
2107
1723
1643
2436
2210
2046
2411
1484
2944
1776
2654
2328
1731
1834
2080
2214
2150
1763
2209
1717
2226
2680
2026
1833
3162
1931
2849
2091
2012
1497
2133
1593
2087
2060
1938
2794
2727
1707
1770
1861
2444
2774
2053
1817
1622
2436
2184
1914
2000
1539
2260
1937
2372
2206
2210
3154
1984
2837
2736
1925
2227
1519
1802
2001
2224
1996
2495
2315
2573
2488
2204
2248
2417
1917
2180
2351
2557
2461
2274
1928
2585
1606
1841
1354
2248
1456
2554
2624
1216
1195
1527
1169
2453
1651
2395
1673
2146
2138
1806
2274
1490
1740
2389
1428
1106
375
2244
1394
2279
2081
2116
1726
2013
1795
1944
1553
1721
2028
1891
1702
2725
900
1436
1140
1800
966
1675
1909
1576
2678
2134
2047
1759
1919
2851
1717
2288
1114
1931
1867
1889
2040
2691
1698
1533
1952
1641
1293
2019
2016
1941
1003
2456
2112
1966
2533
1385
2096
2043
1390
2298
1198
1834
1653
1979
1527
1418
1332
2651
1652
1499
1611
1524
1380
1057
1932
2142
1849
2004
1782
1816
1393
1682
1424
1738
1997
1680
2563
1195
1202
1239
1321
1257
1450
2156
1928
1881
812
1883
1732
1171
1344
1682
1855
610
1087
2173
1330
1981
1185
2154
1381
1426
1448
1717
1367
1458
2018
1124
1347
2117
1753
1044
1059
1274
1474
1184
1502
1009
1290
1401
1138
643
1432
1746
2030
475
1449
2137
1165
1351
1441
1872
1494
1293
1036
1585
1273
542
665
888
504
1224
2291
1472
1469
1063
1713
1293
1350
1168
1419
1826
1866
1586
1558
2216
1731
1338
1505
1404
1208
1354
1539
1357
1352
1247
947
1256
1900
1194
1267
1350
1490
1462
993
835
2209
1434
1919
1272
1835
1428
1764
1632
1486
1729
1506
1756
1905
1787
1593
1514
1521
752
1826
1107
1251
1170
1630
1272
1902
1591
2392
1306
1905
1682
892
1372
1757
1531
1681
1329
1428
1586
1771
1641
1402
1280
1322
1744
1775
1539
1555
1670
2222
1035
1905
1494
2166
1489
1622
1641
1395
1964
1583
1812
1582
1306
1740
1660
1448
1781
1766
1329
1817
1570
1630
1384
1689
950
1821
1658
2385
2095
1872
1646
1583
2287
2304
1796
2151
1753
1654
1654
2361
1692
2378
1642
2137
1826
1740
2016
2099
2053
1124
1692
1799
1768
1445
1475
1840
1790
1759
1340
2056
1790
1451
1827
1842
1979
2184
2232
2149
2251
2240
2097
1536
1787
1873
2157
2104
1847
2016
1440
1693
1879
2673
1872
1755
2208
2467
1873
1992
2088
1684
1846
2121
1887
2232
2016
1672
1834
